1 1 0.264974 0.924479
2 1 0.266276 0.924479
3 1 0.267253 0.925781
4 1 0.268229 0.927083
5 1 0.180338 0.615451
6 1 0.360677 1.230903
7 1 0.272786 0.919271
8 1 0.27832 0.922309
9 1 0.283854 0.925347
10 1 0.279948 0.917535
11 1 0.282226 0.918837
12 1 0.284505 0.920139
13 1 0.286458 0.907118
14 1 0.291016 0.912326
15 1 0.279297 0.919271
16 1 0.285157 0.920139
17 1 0.291016 0.921007
18 1 0.299479 0.90191
19 1 0.302083 0.903646
20 1 0.305339 0.909722
21 1 0.307292 0.895833
22 1 0.314453 0.899306
23 1 0.311849 0.899306
24 1 0.3125 0.894965
25 1 0.318359 0.894097
1 2 0.130208 0.0277778
2 2 0.135417 0.0347222
3 2 0.133464 0.0251736
4 2 0.143229 0.0416667
5 2 0.143555 0.039497
6 2 0.14388 0.0373264
7 2 0.152344 0.0434028
8 2 0.14974 0.0399306
9 2 0.154948 0.0347222
10 2 0.157552 0.0338542
11 2 0.161458 0.0251736
12 2 0.171224 0.0164931
13 2 0.166667 0.0182292
14 2 0.167318 0.0173611
15 2 0.083984 0.007161
16 2 0.167969 0.014323
17 2 0.251953 0.021484
18 2 0.16862 0.0112847
19 2 0.173503 0.011285
20 2 0.178385 0.0112847
21 2 0.181966 0.009549
22 2 0.185547 0.0078125
23 2 0.1875 0.0130208
24 2 0.192057 0.014323
25 2 0.196615 0.015625
1 3 0.136068 0.126736
2 3 0.138021 0.127604
3 3 0.139323 0.111979
4 3 0.129557 0.116319
5 3 0.134115 0.125868
6 3 0.127604 0.124132
7 3 0.125 0.122396
8 3 0.123047 0.12934
9 3 0.121745 0.126736
10 3 0.125 0.13585
11 3 0.128255 0.144965
12 3 0.133464 0.141493
13 3 0.135417 0.144965
14 3 0.135417 0.138021
15 3 0.141927 0.141493
16 3 0.095486 0.097801
17 3 0.190972 0.195602
18 3 0.144531 0.15191
19 3 0.141927 0.16059
20 3 0.139323 0.159722
21 3 0.135417 0.157986
22 3 0.135417 0.158854
23 3 0.132812 0.159722
24 3 0.126953 0.171007
25 3 0.133464 0.167535
1 4 0.216146 0.841146
2 4 0.214193 0.838542
3 4 0.21875 0.844618
4 4 0.212239 0.842448
5 4 0.205729 0.840278
6 4 0.214193 0.844618
7 4 0.208334 0.842882
8 4 0.202474 0.841146
9 4 0.205078 0.840278
10 4 0.205078 0.837674
11 4 0.207682 0.842014
12 4 0.216797 0.832465
13 4 0 0
14 4 0 0
15 4 0 0
16 4 0 0
17 4 0 0
18 4 0 0
19 4 0 0
20 4 0 0
21 4 0 0
22 4 0 0
23 4 0 0
24 4 0 0
25 4 0 0
1 5 0.00651042 0.583333
2 5 0.008464 0.589843
3 5 0.0104167 0.596354
4 5 0.0104167 0.592014
5 5 0.0123698 0.591146
6 5 0.016276 0.592014
7 5 0.0143229 0.595486
8 5 0.0117188 0.592014
9 5 0.01888 0.591146
10 5 0.0260417 0.590278
11 5 0.025716 0.590712
12 5 0.0253906 0.591146
13 5 0.0279948 0.572917
14 5 0.0201823 0.592882
15 5 0.0240885 0.585938
16 5 0.0208333 0.572917
17 5 0.030599 0.578125
18 5 0.0153 0.287544
19 5 0.030599 0.575087
20 5 0.045899 0.862631
21 5 0.030599 0.572049
22 5 0.03125 0.579861
23 5 0.029297 0.581597
24 5 0.0273438 0.583333
25 5 0 0
1 6 0.00846354 0.121528
2 6 0.00585938 0.118056
3 6 0.003418 0.059028
4 6 0.006836 0.118056
5 6 0.010254 0.177084
6 6 0.0078125 0.118056
7 6 0.00585938 0.115451
8 6 0.006185 0.115451
9 6 0.00651042 0.115451
10 6 0.0078125 0.116319
11 6 0.0078125 0.121528
12 6 0.00651042 0.116319
13 6 0.00651042 0.114583
14 6 0.00585938 0.117188
15 6 0.00716146 0.117188
16 6 0.00716146 0.117188
17 6 0.00651042 0.117188
18 6 0.00716146 0.115451
19 6 0.00846354 0.114583
20 6 0.0078125 0.117188
21 6 0.0078125 0.116319
22 6 0.00911458 0.112847
23 6 0.00846354 0.115451
24 6 0.00716146 0.117188
25 6 0.00846354 0.116319
1 7 0.479167 0.0946181
2 7 0.483724 0.100694
3 7 0.483073 0.105035
4 7 0.486979 0.101562
5 7 0.486979 0.105903
6 7 0.490885 0.111979
7 7 0.495443 0.09375
8 7 0.489583 0.105903
9 7 0.492839 0.122396
10 7 0.496094 0.119792
11 7 0.488932 0.124132
12 7 0.494141 0.133681
13 7 0.49349 0.126736
14 7 0.490885 0.125868
15 7 0 0
16 7 0 0
17 7 0 0
18 7 0 0
19 7 0 0
20 7 0 0
21 7 0 0
22 7 0 0
23 7 0 0
24 7 0 0
25 7 0 0
1 8 0.0885417 0.739583
2 8 0.0794271 0.726562
3 8 0.0846354 0.722222
4 8 0.0768229 0.713542
5 8 0.0794271 0.710069
6 8 0.0800781 0.705729
7 8 0.0800781 0.697049
8 8 0.0813802 0.690104
9 8 0.0852865 0.682292
10 8 0.0859375 0.68316
11 8 0.0885417 0.6875
12 8 0.0885417 0.674479
13 8 0.0950521 0.674479
14 8 0.0957031 0.665799
15 8 0.0983073 0.661458
16 8 0.102865 0.671007
17 8 0.102214 0.657118
18 8 0.10026 0.65625
19 8 0.104818 0.669271
20 8 0.108073 0.673611
21 8 0.107422 0.671875
22 8 0.111328 0.670139
23 8 0.111328 0.675347
24 8 0.117839 0.676215
25 8 0.121745 0.675347
1 9 0.258464 0.0104167
2 9 0.259115 0.0121528
3 9 0.255859 0.00954861
4 9 0.259766 0.0104167
5 9 0.260417 0.0112847
6 9 0.25651 0.00954861
7 9 0.259115 0.0104167
8 9 0.259115 0.0104167
9 9 0.261068 0.00954861
10 9 0.259766 0.00954861
11 9 0.260417 0.0104167
12 9 0.259766 0.00954861
13 9 0.258464 0.00868056
14 9 0.260417 0.0104167
15 9 0.259766 0.00954861
16 9 0.257812 0.00868056
17 9 0.259115 0.00954861
18 9 0.257161 0.00868056
19 9 0.258463 0.009549
20 9 0.259766 0.0104167
21 9 0.257812 0.00868056
22 9 0.257161 0.0078125
23 9 0.260417 0.00954861
24 9 0.261719 0.00954861
25 9 0.257812 0.00868056
1 10 0.860026 0.815972
2 10 0.856771 0.81684
3 10 0.856771 0.815972
4 10 0.854167 0.814236
5 10 0.845052 0.820312
6 10 0.845703 0.817708
7 10 0.846354 0.815104
8 10 0.839844 0.821181
9 10 0.557726 0.54919
10 10 1.115451 1.09838
11 10 0.833333 0.826389
12 10 0.83138 0.826389
13 10 0.834635 0.828125
14 10 0.832031 0.835069
15 10 0.830403 0.836372
16 10 0.828776 0.837674
17 10 0.828776 0.844618
18 10 0.829753 0.842882
19 10 0.830729 0.841146
20 10 0.826172 0.846354
21 10 0.824219 0.851562
22 10 0.832682 0.847222
23 10 0.830404 0.852431
24 10 0.828125 0.857639
25 10 0.836589 0.854167
1 11 0.982422 0.480903
2 11 0.979818 0.482639
3 11 0.975911 0.479167
4 11 0.975911 0.486111
5 11 0.972005 0.490451
6 11 0.970703 0.486979
7 11 0.970052 0.493924
8 11 0.964193 0.502604
9 11 0.964844 0.494792
10 11 0.962891 0.50434
11 11 0.96224 0.507812
12 11 0.964844 0.512153
13 11 0.965495 0.520833
14 11 0.968099 0.519965
15 11 0.96875 0.52691
16 11 0.975911 0.52691
17 11 0.979167 0.538194
18 11 0.98112 0.528646
19 11 0.984375 0.533854
20 11 0.985677 0.533854
21 11 0.988281 0.53559
22 11 0.992188 0.52691
23 11 0.985677 0.530382
24 11 0 0
25 11 0 0
1 12 0.398438 0.976562
2 12 0.397135 0.976562
3 12 0.396484 0.977431
4 12 0.398438 0.965278
5 12 0.397135 0.96441
6 12 0.395833 0.960069
7 12 0.400391 0.960938
8 12 0.395182 0.973958
9 12 0.399089 0.957465
10 12 0.404948 0.952257
11 12 0 0
12 12 0 0
13 12 0 0
14 12 0 0
15 12 0 0
16 12 0 0
17 12 0 0
18 12 0 0
19 12 0 0
20 12 0 0
21 12 0 0
22 12 0 0
23 12 0 0
24 12 0 0
25 12 0 0
1 13 0.285807 0.447049
2 13 0.284505 0.450521
3 13 0.284505 0.447917
4 13 0.285156 0.447917
5 13 0.283203 0.449653
6 13 0.283528 0.449219
7 13 0.283854 0.448785
8 13 0.283203 0.448785
9 13 0.284505 0.447917
10 13 0.283854 0.446181
11 13 0.283203 0.451389
12 13 0.284505 0.448785
13 13 0.283854 0.447049
14 13 0.283203 0.451389
15 13 0.284505 0.447049
16 13 0.284505 0.447049
17 13 0.283203 0.449653
18 13 0.28418 0.447917
19 13 0.285156 0.446181
20 13 0.285807 0.447917
21 13 0 0
22 13 0 0
23 13 0 0
24 13 0 0
25 13 0 0
1 14 0.442057 0.901042
2 14 0.440755 0.902778
3 14 0.441406 0.901042
4 14 0.440104 0.904514
5 14 0.44043 0.903646
6 14 0.440755 0.902778
7 14 0.442057 0.902778
8 14 0.440755 0.904514
9 14 0.442057 0.903646
10 14 0 0
11 14 0 0
12 14 0 0
13 14 0 0
14 14 0 0
15 14 0 0
16 14 0.427734 0.905382
17 14 0.430339 0.914062
18 14 0.43099 0.907118
19 14 0.434245 0.904514
20 14 0.43099 0.908854
21 14 0.434245 0.903646
22 14 0.435547 0.90625
23 14 0.434896 0.90625
24 14 0.439453 0.905382
25 14 0.442708 0.893229
1 15 0.0572917 0.69184
2 15 0.0488281 0.688368
3 15 0.0514323 0.678819
4 15 0.0514323 0.680556
5 15 0.0488281 0.667535
6 15 0.0553385 0.666667
7 15 0.0585938 0.65625
8 15 0.0559896 0.663194
9 15 0.0598958 0.650174
10 15 0.0592448 0.649306
11 15 0.0611979 0.653646
12 15 0.0644531 0.646701
13 15 0.0644531 0.648438
14 15 0.0605469 0.639757
15 15 0.0644531 0.635417
16 15 0.060872 0.629775
17 15 0.0572917 0.624132
18 15 0.0455729 0.639757
19 15 0 0
20 15 0 0
21 15 0 0
22 15 0 0
23 15 0.0410156 0.647569
24 15 0.0481771 0.649306
25 15 0.0442708 0.642361
1 16 0.533854 0.565972
2 16 0.533854 0.572049
3 16 0.535807 0.560764
4 16 0.539714 0.560764
5 16 0.539062 0.555556
6 16 0.540365 0.549479
7 16 0.548828 0.551215
8 16 0.542318 0.546875
9 16 0.552083 0.543403
10 16 0.55013 0.542535
11 16 0.552734 0.538194
12 16 0.555339 0.533854
13 16 0.556641 0.534722
14 16 0.563151 0.538194
15 16 0.569661 0.534722
16 16 0.569661 0.540799
17 16 0.575521 0.543403
18 16 0.576823 0.543403
19 16 0.585938 0.550347
20 16 0.583333 0.545139
21 16 0.583984 0.55816
22 16 0.592448 0.555556
23 16 0.58724 0.565104
24 16 0.591797 0.56684
25 16 0.595052 0.5625
1 17 0.452474 0.407118
2 17 0.453776 0.417535
3 17 0.459635 0.429688
4 17 0.464193 0.428819
5 17 0.463542 0.423611
6 17 0.467448 0.425347
7 17 0 0
8 17 0 0
9 17 0 0
10 17 0 0
11 17 0 0
12 17 0 0
13 17 0 0
14 17 0 0
15 17 0 0
16 17 0 0
17 17 0 0
18 17 0 0
19 17 0 0
20 17 0 0
21 17 0 0
22 17 0 0
23 17 0 0
24 17 0 0
25 17 0 0
1 18 0.285807 0.119792
2 18 0.288411 0.119358
3 18 0.291016 0.118924
4 18 0.291016 0.111111
5 18 0.289062 0.105903
6 18 0.289714 0.0989583
7 18 0.279948 0.106771
8 18 0.279297 0.105035
9 18 0.279948 0.0928819
10 18 0.28125 0.0928819
11 18 0.28125 0.0789931
12 18 0.283203 0.0677083
13 18 0.283203 0.0807292
14 18 0.190755 0.050637
15 18 0.38151 0.101273
16 18 0.289062 0.0711806
17 18 0.147298 0.032769
18 18 0.294596 0.065538
19 18 0.441894 0.098307
20 18 0.30013 0.0598958
21 18 0.299805 0.049913
22 18 0.299479 0.0399306
23 18 0.295573 0.0434028
24 18 0.298177 0.0286458
25 18 0.294271 0.0364583
1 19 0.51888 0.501736
2 19 0.51888 0.500868
3 19 0.527995 0.497396
4 19 0.520182 0.497396
5 19 0.528646 0.492188
6 19 0.539714 0.492188
7 19 0.541016 0.491319
8 19 0.545248 0.490017
9 19 0.549479 0.488715
10 19 0.550781 0.482639
11 19 0.546875 0.492188
12 19 0.548828 0.482639
13 19 0.552734 0.466146
14 19 0.553385 0.46441
15 19 0.541667 0.466146
16 19 0.54362 0.459201
17 19 0.534505 0.465278
18 19 0.531901 0.466146
19 19 0.527995 0.449653
20 19 0.525391 0.454861
21 19 0.527995 0.450521
22 19 0.533854 0.445312
23 19 0.525391 0.445312
24 19 0.527995 0.438368
25 19 0.527344 0.438368
1 20 0.48112 0.383681
2 20 0.47526 0.388021
3 20 0.469401 0.382812
4 20 0.477865 0.382812
5 20 0.473307 0.384549
6 20 0.471354 0.373264
7 20 0.474609 0.375868
8 20 0.473307 0.371528
9 20 0.470052 0.365451
10 20 0.477865 0.372396
11 20 0.472656 0.368056
12 20 0.475911 0.360243
13 20 0.479818 0.363715
14 20 0.48112 0.368924
15 20 0.479818 0.357639
16 20 0.479818 0.361111
17 20 0.481771 0.367188
18 20 0.484375 0.357639
19 20 0.48112 0.355903
20 20 0.322917 0.24132
21 20 0.645833 0.482639
22 20 0.48763 0.368056
23 20 0.488606 0.366754
24 20 0.489583 0.365451
25 20 0.488932 0.368924
1 21 0.0996094 0.266493
2 21 0.0924479 0.283854
3 21 0.0917969 0.286458
4 21 0.09375 0.282986
5 21 0.093099 0.289062
6 21 0.094401 0.292535
7 21 0.0917969 0.289931
8 21 0.0833333 0.297743
9 21 0.0852865 0.298611
10 21 0.0846354 0.294271
11 21 0.078125 0.296875
12 21 0.0807292 0.293403
13 21 0.0813802 0.290799
14 21 0.0709635 0.293403
15 21 0.0735677 0.286458
16 21 0.0729167 0.283854
17 21 0.06901 0.284288
18 21 0.0651042 0.284722
19 21 0.0585938 0.279514
20 21 0.0533854 0.280382
21 21 0.0442708 0.28125
22 21 0.030382 0.188079
23 21 0.060764 0.376157
24 21 0.046875 0.282986
25 21 0.0429688 0.291667
1 22 0.826823 0.388889
2 22 0.825521 0.390625
3 22 0.826172 0.388889
4 22 0.826823 0.388889
5 22 0.825521 0.390625
6 22 0.825521 0.389757
7 22 0.826823 0.389757
8 22 0.825521 0.390625
9 22 0.826172 0.388021
10 22 0.826172 0.388889
11 22 0.825521 0.390625
12 22 0.825521 0.388889
13 22 0.825521 0.390625
14 22 0.825521 0.389757
15 22 0.826823 0.388889
16 22 0.826172 0.388889
17 22 0.825521 0.389757
18 22 0.826823 0.388889
19 22 0.826823 0.389757
20 22 0.826823 0.389757
21 22 0.826823 0.388889
22 22 0.828125 0.390625
23 22 0.826172 0.389757
24 22 0.826172 0.393229
25 22 0.827474 0.389757
1 23 0.578776 0.985243
2 23 0.575521 0.987847
3 23 0.573568 0.984375
4 23 0.575521 0.987847
5 23 0.568359 0.992188
6 23 0.564453 0.987847
7 23 0.56901 0.982639
8 23 0 0
9 23 0 0
10 23 0 0
11 23 0 0
12 23 0 0
13 23 0 0
14 23 0 0
15 23 0 0
16 23 0 0
17 23 0 0
18 23 0 0
19 23 0 0
20 23 0 0
21 23 0 0
22 23 0 0
23 23 0 0
24 23 0 0
25 23 0 0
1 24 0.251953 0.320312
2 24 0.242839 0.322049
3 24 0.244792 0.325521
4 24 0.246745 0.317708
5 24 0.242839 0.323785
6 24 0.245443 0.315972
7 24 0.239909 0.319878
8 24 0.234375 0.323785
9 24 0.240885 0.318576
10 24 0.246094 0.324653
11 24 0.246745 0.324653
12 24 0.246745 0.325521
13 24 0.244141 0.323785
14 24 0.242188 0.332465
15 24 0.236979 0.331597
16 24 0.238281 0.333333
17 24 0.227865 0.326389
18 24 0.235026 0.337674
19 24 0.229167 0.342014
20 24 0.229818 0.34375
21 24 0.226562 0.344618
22 24 0.226237 0.346788
23 24 0.225911 0.348958
24 24 0.222005 0.352431
25 24 0.222656 0.355903
1 25 0.820312 0.760417
2 25 0.822266 0.762153
3 25 0.816406 0.760417
4 25 0.815104 0.769965
5 25 0.816406 0.770833
6 25 0.816406 0.763021
7 25 0.809245 0.768229
8 25 0.809896 0.773438
9 25 0.811849 0.769965
10 25 0.803385 0.770833
11 25 0.806641 0.770833
12 25 0.808594 0.774306
13 25 0.801432 0.773438
14 25 0.798828 0.776042
15 25 0.803385 0.779514
16 25 0.800781 0.775174
17 25 0.790365 0.779514
18 25 0.796875 0.780382
19 25 0.796224 0.778646
20 25 0.785156 0.779514
21 25 0.791667 0.783854
22 25 0.79362 0.778646
23 25 0.782552 0.780382
24 25 0.783203 0.78559
25 25 0.785807 0.780382
1 26 0.0455729 0.199653
2 26 0.0501302 0.202257
3 26 0.0488281 0.210069
4 26 0.0527344 0.215278
5 26 0.0481771 0.217882
6 26 0.0494792 0.228299
7 26 0.0488281 0.230903
8 26 0.046875 0.226562
9 26 0.0436198 0.227431
10 26 0.0416667 0.246528
11 26 0.0390625 0.237847
12 26 0.0351562 0.241319
13 26 0.0325521 0.247396
14 26 0.031901 0.247396
15 26 0.0286458 0.25434
16 26 0.0240885 0.256076
17 26 0.0221354 0.253472
18 26 0.02474 0.26302
19 26 0.0273438 0.272569
20 26 0.020399 0.182292
21 26 0.040799 0.364583
22 26 0.0338542 0.274306
23 26 0.0351562 0.276042
24 26 0 0
25 26 0 0
1 27 0.959635 0.0138889
2 27 0.95638 0.0147569
3 27 0.958984 0.0164931
4 27 0 0
5 27 0 0
6 27 0 0
7 27 0 0
8 27 0 0
9 27 0 0
10 27 0 0
11 27 0 0
12 27 0 0
13 27 0 0
14 27 0 0
15 27 0 0
16 27 0 0
17 27 0 0
18 27 0.938802 0.0147569
19 27 0.934896 0.0138889
20 27 0.93392 0.015191
21 27 0.932943 0.0164931
22 27 0.928385 0.0199653
23 27 0.928385 0.0208333
24 27 0.91862 0.0147569
25 27 0.919271 0.0130208
1 28 0.485677 0.313368
2 28 0.484375 0.313368
3 28 0.483724 0.311632
4 28 0.477214 0.309896
5 28 0.469401 0.301215
6 28 0.477214 0.298611
7 28 0.470703 0.296875
8 28 0.463542 0.296007
9 28 0.46224 0.286458
10 28 0.462891 0.28559
11 28 0.465495 0.270833
12 28 0.475911 0.269965
13 28 0.477214 0.275174
14 28 0.475911 0.280382
15 28 0.48112 0.279514
16 28 0.477865 0.28559
17 28 0.480469 0.289062
18 28 0.482422 0.293403
19 28 0.485026 0.294271
20 28 0.482422 0.30816
21 28 0.482422 0.301215
22 28 0.483073 0.307292
23 28 0.479818 0.311632
24 28 0.48112 0.309896
25 28 0.47526 0.313368
1 29 0.735677 0.0329861
2 29 0.735026 0.0269097
3 29 0.735677 0.0260417
4 29 0.735026 0.0277778
5 29 0.733724 0.0269097
6 29 0.736328 0.0260417
7 29 0.735677 0.0277778
8 29 0.733724 0.0303819
9 29 0.736328 0.0303819
10 29 0.736328 0.0303819
11 29 0.735677 0.0321181
12 29 0.735026 0.0269097
13 29 0.736328 0.0260417
14 29 0.735026 0.0277778
15 29 0.735677 0.0260417
16 29 0.736328 0.0243056
17 29 0.734375 0.0277778
18 29 0.735677 0.0269097
19 29 0.736979 0.0243056
20 29 0.735026 0.0260417
21 29 0.735026 0.0269097
22 29 0.736979 0.0243056
23 29 0.734375 0.0277778
24 29 0.735026 0.0260417
25 29 0.736979 0.0277778
1 30 0.0559896 0.0147569
2 30 0.0332031 0.0138889
3 30 0 0
4 30 0 0
5 30 0 0
6 30 0 0
7 30 0 0
8 30 0 0
9 30 0 0
10 30 0 0
11 30 0 0
12 30 0 0
13 30 0 0
14 30 0 0
15 30 0 0
16 30 0 0
17 30 0 0
18 30 0 0
19 30 0 0
20 30 0 0
21 30 0 0
22 30 0.0078125 0.0555556
23 30 0.00651042 0.0494792
24 30 0.0078125 0.0486111
25 30 0.00976562 0.0503472
1 31 0.644531 0.0164931
2 31 0.643229 0.0251736
3 31 0.64388 0.0260417
4 31 0.641927 0.0234375
5 31 0.645833 0.0269097
6 31 0.646484 0.0269097
7 31 0.64388 0.0269097
8 31 0.641927 0.0286458
9 31 0.645182 0.0286458
10 31 0.646484 0.0269097
11 31 0.646484 0.03125
12 31 0.648438 0.0303819
13 31 0.648438 0.0295139
14 31 0.647135 0.0321181
15 31 0.647135 0.0303819
16 31 0.647135 0.0286458
17 31 0.645833 0.03125
18 31 0.648438 0.03125
19 31 0.649089 0.0303819
20 31 0.647135 0.0321181
21 31 0.649089 0.03125
22 31 0.648438 0.0295139
23 31 0.649089 0.0329861
24 31 0.647135 0.0321181
25 31 0.649089 0.0295139
1 32 0.0423177 0.53559
2 32 0.0436198 0.526042
3 32 0.0358073 0.536458
4 32 0.0403646 0.527778
5 32 0.0351562 0.543403
6 32 0.024523 0.367188
7 32 0.049045 0.734375
8 32 0.0384115 0.55816
9 32 0.0455729 0.555556
10 32 0.033637 0.374421
11 32 0.067274 0.748843
12 32 0.0553385 0.567708
13 32 0.0514323 0.563368
14 32 0.050781 0.56901
15 32 0.0501302 0.574653
16 32 0.0410156 0.573785
17 32 0.024957 0.381655
18 32 0.049913 0.763311
19 32 0.0338542 0.571181
20 32 0.0260417 0.559896
21 32 0.015625 0.370949
22 32 0.03125 0.741898
23 32 0.0208333 0.552951
24 32 0.0214844 0.550347
25 32 0.0221354 0.546007
1 33 0.813151 0.885417
2 33 0.815104 0.881944
3 33 0.815755 0.87934
4 33 0.810547 0.882812
5 33 0.811849 0.887153
6 33 0.813151 0.875868
7 33 0.8125 0.880208
8 33 0.814453 0.876736
9 33 0.815104 0.876736
10 33 0.813802 0.880208
11 33 0.813151 0.877604
12 33 0.817057 0.875868
13 33 0.818359 0.873264
14 33 0.815755 0.877604
15 33 0.817057 0.880208
16 33 0.817708 0.873264
17 33 0.817057 0.881944
18 33 0.818359 0.876736
19 33 0.817057 0.884549
20 33 0.819661 0.903646
21 33 0.826823 0.911458
22 33 0.82487 0.907118
23 33 0.819987 0.907118
24 33 0.815104 0.907118
25 33 0.819661 0.923611
1 34 0.278646 0.278646
2 34 0.278646 0.289062
3 34 0.279297 0.288194
4 34 0.283854 0.28125
5 34 0.289714 0.278646
6 34 0.289388 0.278646
7 34 0.289062 0.278646
8 34 0.296224 0.280382
9 34 0.296875 0.278646
10 34 0.301432 0.27691
11 34 0.302083 0.277778
12 34 0.305339 0.273438
13 34 0.310547 0.269965
14 34 0.314453 0.269097
15 34 0.318359 0.270833
16 34 0.317708 0.271701
17 34 0.317057 0.276042
18 34 0.323568 0.274306
19 34 0.325521 0.282118
20 34 0.327474 0.289062
21 34 0.326823 0.284722
22 34 0.328125 0.287326
23 34 0.330729 0.302083
24 34 0.333333 0.298611
25 34 0.337891 0.303819
1 35 0.457682 0.685764
2 35 0.460938 0.685764
3 35 0.457031 0.678819
4 35 0.455729 0.6875
5 35 0.458984 0.68316
6 35 0.453776 0.671007
7 35 0.451823 0.677951
8 35 0.455078 0.679688
9 35 0.450521 0.672743
10 35 0.455729 0.672743
11 35 0.453125 0.676215
12 35 0.453125 0.665799
13 35 0.457031 0.671007
14 35 0.452474 0.664062
15 35 0.457031 0.664062
16 35 0.455729 0.665799
17 35 0.453776 0.657986
18 35 0.457031 0.666667
19 35 0.455078 0.655382
20 35 0.45638 0.65625
21 35 0.455729 0.658854
22 35 0.457031 0.648438
23 35 0.458333 0.653646
24 35 0.45638 0.654514
25 35 0.458333 0.646701
1 36 0.391276 0.356771
2 36 0.391276 0.357639
3 36 0.391276 0.356771
4 36 0.390625 0.357639
5 36 0.389974 0.358507
6 36 0.391927 0.356771
7 36 0.391276 0.356771
8 36 0.389974 0.357639
9 36 0.391276 0.356771
10 36 0.391927 0.355903
11 36 0.390625 0.357639
12 36 0.390625 0.356771
13 36 0.391276 0.355903
14 36 0.389974 0.356771
15 36 0.391276 0.356771
16 36 0.391276 0.355903
17 36 0.390625 0.357639
18 36 0.390625 0.355903
19 36 0.391927 0.355035
20 36 0.390625 0.356771
21 36 0.390625 0.356771
22 36 0.391927 0.355903
23 36 0.391276 0.356771
24 36 0.391276 0.356771
25 36 0.392578 0.355035
1 37 0.509766 0.0902778
2 37 0.511719 0.0859375
3 37 0.50651 0.0850694
4 37 0.50651 0.083333
5 37 0.50651 0.0815972
6 37 0.509115 0.0807292
7 37 0.503581 0.078559
8 37 0.498047 0.0763889
9 37 0.500325 0.078559
10 37 0.502604 0.0807292
11 37 0.501302 0.078125
12 37 0.495443 0.0720486
13 37 0.49349 0.0720486
14 37 0.491536 0.0772569
15 37 0.492839 0.0737847
16 37 0.482422 0.0703125
17 37 0.481771 0.078125
18 37 0.479818 0.0824653
19 37 0.479818 0.0815972
20 37 0.48112 0.080729
21 37 0.482422 0.0798611
22 37 0.477865 0.0763889
23 37 0.468099 0.0789931
24 37 0.472656 0.0798611
25 37 0.475911 0.0737847
1 38 0.781901 0.665799
2 38 0.78125 0.661458
3 38 0.78776 0.65191
4 38 0.785156 0.659722
5 38 0.789062 0.646701
6 38 0.789062 0.642361
7 38 0.786458 0.639757
8 38 0.787109 0.638021
9 38 0.787109 0.632812
10 38 0.783854 0.631076
11 38 0.784505 0.621528
12 38 0.781901 0.621528
13 38 0.777344 0.617188
14 38 0.776693 0.618056
15 38 0.773438 0.614583
16 38 0.76888 0.611111
17 38 0.769531 0.614583
18 38 0.764323 0.613715
19 38 0.760417 0.610243
20 38 0.759115 0.616319
21 38 0.757161 0.616319
22 38 0.752604 0.612847
23 38 0.75 0.62066
24 38 0.744141 0.623264
25 38 0.747396 0.619792
1 39 0.898438 0.0868056
2 39 0.89974 0.0815972
3 39 0.898438 0.0911458
4 39 0.900391 0.0833333
5 39 0.899089 0.0902778
6 39 0.903646 0.09375
7 39 0.901042 0.0894097
8 39 0.89974 0.0954861
9 39 0.904297 0.101562
10 39 0.901042 0.104167
11 39 0.905599 0.106771
12 39 0.89974 0.101562
13 39 0.905599 0.110243
14 39 0.898438 0.111111
15 39 0.897786 0.114583
16 39 0.903646 0.113715
17 39 0.895833 0.116319
18 39 0.897135 0.117188
19 39 0.898438 0.112847
20 39 0.888021 0.119792
21 39 0.890625 0.114583
22 39 0.886068 0.111979
23 39 0.885417 0.114583
24 39 0.883464 0.110243
25 39 0.884766 0.117188
1 40 0.895182 0.885417
2 40 0.893229 0.891493
3 40 0.895833 0.888021
4 40 0.891927 0.888021
5 40 0.888672 0.895833
6 40 0.889323 0.888889
7 40 0.888021 0.891493
8 40 0.884766 0.896701
9 40 0.588325 0.597511
10 40 1.176649 1.195023
11 40 0.880208 0.895833
12 40 0.876302 0.881944
13 40 0.878906 0.883681
14 40 0.878906 0.881076
15 40 0.875651 0.87066
16 40 0.878906 0.868924
17 40 0.879557 0.868056
18 40 0.88151 0.865451
19 40 0.885417 0.863715
20 40 0.882161 0.855035
21 40 0.891927 0.854167
22 40 0.893229 0.847222
23 40 0.89388 0.852431
24 40 0.89974 0.853299
25 40 0.901693 0.849826
1 41 0.246745 0.119792
2 41 0.244792 0.125868
3 41 0.248698 0.113715
4 41 0.246094 0.125
5 41 0.245443 0.12934
6 41 0.245443 0.130208
7 41 0.245443 0.131076
8 41 0.24349 0.137153
9 41 0.161893 0.094329
10 41 0.323785 0.188657
11 41 0.242188 0.145833
12 41 0.244141 0.150174
13 41 0.240234 0.144965
14 41 0.118489 0.076823
15 41 0.236979 0.153645
16 41 0.355468 0.230468
17 41 0.233724 0.162326
18 41 0.232747 0.163629
19 41 0.231771 0.164931
20 41 0.23112 0.170573
21 41 0.230469 0.176215
22 41 0.23112 0.162326
23 41 0.151476 0.111111
24 41 0.302951 0.222222
25 41 0.223307 0.171007
1 42 0.55599 0.0555556
2 42 0.559896 0.059462
3 42 0.563802 0.0633681
4 42 0.567708 0.0694444
5 42 0.565755 0.0668403
6 42 0.567708 0.0607639
7 42 0.580729 0.0616319
8 42 0.571615 0.0651042
9 42 0.577149 0.06033
10 42 0.582682 0.0555556
11 42 0.579427 0.0520833
12 42 0.584635 0.0373264
13 42 0.585286 0.0399306
14 42 0.580729 0.0407986
15 42 0.585938 0.0295139
16 42 0.585938 0.0286458
17 42 0.576172 0.0269097
18 42 0.57487 0.015625
19 42 0.579427 0.0190972
20 42 0.570312 0.0164931
21 42 0.568359 0.0147569
22 42 0.570964 0.0147569
23 42 0.561849 0.0182292
24 42 0.566406 0.0173611
25 42 0.559896 0.0208333
1 43 0.0644531 0.638889
2 43 0.0742188 0.642361
3 43 0.077474 0.636285
4 43 0.0800781 0.641493
5 43 0.0872396 0.647569
6 43 0.0826823 0.646701
7 43 0.0794271 0.648438
8 43 0 0
9 43 0 0
10 43 0 0
11 43 0 0
12 43 0 0
13 43 0 0
14 43 0 0
15 43 0 0
16 43 0 0
17 43 0 0
18 43 0 0
19 43 0 0
20 43 0 0
21 43 0 0
22 43 0 0
23 43 0 0
24 43 0 0
25 43 0 0
1 44 0.0416667 0.804688
2 44 0.0397135 0.803819
3 44 0.0416667 0.809028
4 44 0.0449219 0.809028
5 44 0.0384115 0.80816
6 44 0.0423177 0.811632
7 44 0.046875 0.813368
8 44 0.0384115 0.813368
9 44 0.0423177 0.822049
10 44 0.0449219 0.817708
11 44 0.0364583 0.823785
12 44 0.03776 0.823785
13 44 0.0390625 0.823785
14 44 0.025825 0.548611
15 44 0.051649 1.097223
16 44 0.0384115 0.822049
17 44 0.040365 0.826389
18 44 0.0423177 0.830729
19 44 0.035156 0.831163
20 44 0.0279948 0.831597
21 44 0.029297 0.827691
22 44 0.030599 0.823785
23 44 0 0
24 44 0 0
25 44 0 0
1 45 0.0970052 0.917535
2 45 0.0970052 0.916667
3 45 0.0976562 0.917535
4 45 0.0976562 0.919271
5 45 0.097982 0.919705
6 45 0.0983073 0.920139
7 45 0.097656 0.919705
8 45 0.0970052 0.919271
9 45 0.0970052 0.919271
10 45 0.0976562 0.918403
11 45 0.065321 0.612558
12 45 0.130642 1.225116
13 45 0.0983073 0.919271
14 45 0.0970052 0.918403
15 45 0.0970052 0.916667
16 45 0.0983073 0.917535
17 45 0.0970052 0.918403
18 45 0.0983073 0.918403
19 45 0.0983073 0.917535
20 45 0.0970052 0.916667
21 45 0.0989583 0.921875
22 45 0.10026 0.919271
23 45 0.0989583 0.920139
24 45 0.0996094 0.921007
25 45 0.10026 0.920139
1 46 0.795573 0.168403
2 46 0.80013 0.167535
3 46 0.806641 0.16059
4 46 0.805339 0.16059
5 46 0.804688 0.15625
6 46 0.804688 0.15625
7 46 0.809896 0.146701
8 46 0.807943 0.15191
9 46 0.806641 0.143229
10 46 0.808594 0.139757
11 46 0.808594 0.146701
12 46 0.815104 0.146701
13 46 0.81901 0.144965
14 46 0.81901 0.145833
15 46 0.826172 0.142361
16 46 0.821615 0.142361
17 46 0.81901 0.123264
18 46 0.820638 0.114584
19 46 0.822266 0.105903
20 46 0.8125 0.124132
21 46 0.811849 0.110243
22 46 0.815755 0.103299
23 46 0.819661 0.0946181
24 46 0.818359 0.0911458
25 46 0.825521 0.0911458
1 47 0.245443 0.919271
2 47 0.239583 0.929688
3 47 0.241536 0.930556
4 47 0.241536 0.922743
5 47 0.239583 0.943576
6 47 0.161675 0.630787
7 47 0.323351 1.261574
8 47 0.245443 0.948785
9 47 0.164497 0.634549
10 47 0.328993 1.269097
11 47 0.248047 0.954861
12 47 0.251953 0.946181
13 47 0.25651 0.949219
14 47 0.261068 0.952257
15 47 0.266276 0.942708
16 47 0.269857 0.94184
17 47 0.273438 0.940972
18 47 0.271484 0.938368
19 47 0.273438 0.936632
20 47 0.277995 0.938368
21 47 0.282552 0.940104
22 47 0.283854 0.935764
23 47 0.284505 0.939236
24 47 0.291016 0.945312
25 47 0.295573 0.947049
1 48 0.305339 0.446181
2 48 0.302734 0.452257
3 48 0.304036 0.447049
4 48 0.304688 0.447917
5 48 0.302083 0.453993
6 48 0.305339 0.448785
7 48 0.303385 0.449653
8 48 0.302083 0.454861
9 48 0.304688 0.449653
10 48 0.304036 0.448785
11 48 0.302734 0.453993
12 48 0.304036 0.448785
13 48 0.30599 0.449653
14 48 0.303385 0.453125
15 48 0.304036 0.451389
16 48 0.305339 0.446181
17 48 0.304688 0.454861
18 48 0.307292 0.447049
19 48 0.304688 0.455729
20 48 0.305339 0.456597
21 48 0.305339 0.454861
22 48 0.307943 0.444444
23 48 0.304036 0.453993
24 48 0.302734 0.453125
25 48 0.30599 0.442708
1 49 0.544922 0.155382
2 49 0.54362 0.16059
3 49 0.542318 0.16059
4 49 0.53776 0.16059
5 49 0.358941 0.10706
6 49 0.717881 0.21412
7 49 0.539062 0.16059
8 49 0.526693 0.168403
9 49 0.524089 0.161458
10 49 0.520833 0.159288
11 49 0.517578 0.157118
12 49 0.515625 0.152778
13 49 0.516927 0.147569
14 49 0.508138 0.146701
15 49 0.499349 0.145833
16 49 0.503255 0.142361
17 49 0.501953 0.146701
18 49 0.491536 0.144097
19 49 0.490234 0.151042
20 49 0.494792 0.15191
21 49 0.484375 0.157118
22 49 0.481445 0.157118
23 49 0.478516 0.157118
24 49 0.479167 0.15191
25 49 0.479818 0.146701
1 50 0.5 0.21875
2 50 0.5 0.229167
3 50 0.501953 0.230035
4 50 0.498047 0.229167
5 50 0.494792 0.246528
6 50 0.494141 0.239583
7 50 0.490234 0.240451
8 50 0.488281 0.25
9 50 0.48763 0.248264
10 50 0.481771 0.256944
11 50 0 0
12 50 0 0
13 50 0 0
14 50 0 0
15 50 0 0
16 50 0 0
17 50 0 0
18 50 0 0
19 50 0 0
20 50 0 0
21 50 0 0
22 50 0 0
23 50 0 0
24 50 0 0
25 50 0 0
1 51 0.865885 0.0720486
2 51 0.859375 0.0685764
3 51 0.858724 0.0659722
4 51 0.856771 0.0651042
5 51 0.855469 0.0642361
6 51 0.854167 0.0607639
7 51 0.852865 0.0607639
8 51 0.848307 0.0590278
9 51 0.845703 0.0564236
10 51 0.845703 0.0538194
11 51 0.845052 0.0520833
12 51 0.839844 0.0494792
13 51 0.835938 0.0407986
14 51 0.83138 0.0425347
15 51 0.83138 0.0347222
16 51 0.829427 0.0355903
17 51 0.826823 0.0425347
18 51 0.82487 0.0381944
19 51 0.824219 0.0399306
20 51 0.816406 0.0442708
21 51 0.815104 0.0486111
22 51 0.810547 0.0486111
23 51 0.811849 0.0546875
24 51 0.804688 0.0555556
25 51 0.811198 0.0529514
1 52 0.822266 0.703125
2 52 0.826172 0.703993
3 52 0.821615 0.703993
4 52 0.822266 0.703125
5 52 0.827474 0.703125
6 52 0.826172 0.704861
7 52 0.821615 0.697917
8 52 0.819661 0.701389
9 52 0.822266 0.703993
10 52 0.821615 0.697917
11 52 0.825521 0.703993
12 52 0.826823 0.703125
13 52 0.826823 0.702257
14 52 0.826823 0.703993
15 52 0.826823 0.703993
16 52 0.827474 0.701389
17 52 0.822266 0.703993
18 52 0.826172 0.703125
19 52 0.825521 0.703125
20 52 0.815104 0.705729
21 52 0.807943 0.706597
22 52 0.805664 0.707899
23 52 0.803385 0.709201
24 52 0.796875 0.707465
25 52 0.806641 0.702257
1 53 0.379557 0.0147569
2 53 0 0
3 53 0 0
4 53 0 0
5 53 0 0
6 53 0 0
7 53 0 0
8 53 0 0
9 53 0 0
10 53 0 0
11 53 0 0
12 53 0 0
13 53 0 0
14 53 0 0
15 53 0.370443 0.0182292
16 53 0.366536 0.0225694
17 53 0.360677 0.0234375
18 53 0.358724 0.0112847
19 53 0.364583 0.0190972
20 53 0.352865 0.0173611
21 53 0.356771 0.0104167
22 53 0.359375 0.0104167
23 53 0.346354 0.00954861
24 53 0.349609 0.0147569
25 53 0.345703 0.0130208
1 54 0.423828 0.21441
2 54 0.430339 0.219618
3 54 0.422526 0.216146
4 54 0.421875 0.228299
5 54 0.42513 0.227431
6 54 0.417318 0.22309
7 54 0.419922 0.231771
8 54 0.416016 0.230903
9 54 0.411459 0.231337
10 54 0.406901 0.231771
11 54 0.408854 0.224826
12 54 0.402995 0.224826
13 54 0.401042 0.228299
14 54 0.402344 0.21875
15 54 0.395833 0.21875
16 54 0.395182 0.219618
17 54 0.397786 0.212674
18 54 0.389323 0.210938
19 54 0.389974 0.211806
20 54 0.397135 0.209201
21 54 0.388672 0.202257
22 54 0.389323 0.203125
23 54 0.393229 0.206597
24 54 0.389323 0.196181
25 54 0.391927 0.194444
1 55 0.610677 0.337674
2 55 0.605469 0.328993
3 55 0.605469 0.331597
4 55 0.610026 0.329861
5 55 0.604818 0.324653
6 55 0.610677 0.328993
7 55 0.609375 0.31684
8 55 0.608724 0.320312
9 55 0.610677 0.321181
10 55 0.604167 0.3125
11 55 0.611979 0.325521
12 55 0.616536 0.313368
13 55 0.608724 0.306424
14 55 0.611003 0.308594
15 55 0.613281 0.310764
16 55 0.611979 0.319444
17 55 0.619792 0.319444
18 55 0.613932 0.324653
19 55 0.625651 0.319444
20 55 0.621094 0.319444
21 55 0.619141 0.328993
22 55 0.628255 0.321181
23 55 0.623047 0.322917
24 55 0.623698 0.327257
25 55 0.633464 0.323785
1 56 0.230469 0.582465
2 56 0.230469 0.579861
3 56 0.219401 0.585938
4 56 0.215495 0.578125
5 56 0.216797 0.580729
6 56 0.214844 0.585938
7 56 0.212891 0.585503
8 56 0.210938 0.585069
9 56 0.21224 0.591146
10 56 0.214193 0.574653
11 56 0.207682 0.585938
12 56 0.21224 0.585938
13 56 0.20931 0.583333
14 56 0.20638 0.580729
15 56 0.210286 0.579861
16 56 0.214193 0.584201
17 56 0.204427 0.572049
18 56 0.207031 0.580729
19 56 0.209635 0.577257
20 56 0.208984 0.577257
21 56 0.208333 0.577257
22 56 0.208333 0.564236
23 56 0.197917 0.570312
24 56 0.205078 0.575521
25 56 0.205078 0.55816
1 57 0.333984 0.0425347
2 57 0.333333 0.0607639
3 57 0.334635 0.0651042
4 57 0.330729 0.0607639
5 57 0.332682 0.0703125
6 57 0.333984 0.0616319
7 57 0.318359 0.0642361
8 57 0.318359 0.0703125
9 57 0.313151 0.067274
10 57 0.307943 0.0642361
11 57 0.303385 0.0651042
12 57 0.298828 0.0625
13 57 0.30013 0.0598958
14 57 0.288411 0.0616319
15 57 0.289714 0.0581597
16 57 0.292318 0.056858
17 57 0.294922 0.0555556
18 57 0.289062 0.0338542
19 57 0.294271 0.0381944
20 57 0.290365 0.0286458
21 57 0.294922 0.0190972
22 57 0.295247 0.014757
23 57 0.295573 0.0104167
24 57 0 0
25 57 0 0
1 58 0.889974 0.927951
2 58 0.895182 0.927951
3 58 0.900391 0.927951
4 58 0.895182 0.9375
5 58 0.899088 0.940104
6 58 0.902995 0.942708
7 58 0.901693 0.939236
8 58 0.895833 0.954861
9 58 0.903646 0.950521
10 58 0.900065 0.957465
11 58 0.896484 0.96441
12 58 0.597439 0.645833
13 58 1.194878 1.291667
14 58 0.895833 0.97309
15 58 0.599392 0.65191
16 58 1.198785 1.303819
17 58 0.902344 0.982639
18 58 0.900391 0.979167
19 58 0.897135 0.984375
20 58 0.901693 0.986979
21 58 0.898438 0.982639
22 58 0.89388 0.986979
23 58 0.891927 0.982639
24 58 0 0
25 58 0 0
1 59 0.500651 0.43316
2 59 0.495443 0.438368
3 59 0.504557 0.43316
4 59 0.509115 0.43316
5 59 0.507161 0.431424
6 59 0.514323 0.424479
7 59 0.511068 0.427083
8 59 0.507812 0.417535
9 59 0.511068 0.414062
10 59 0.507812 0.414931
11 59 0.505859 0.403646
12 59 0.50651 0.401042
13 59 0.5 0.394097
14 59 0.496745 0.390625
15 59 0.500651 0.398438
16 59 0.492839 0.407118
17 59 0.484375 0.389757
18 59 0.486979 0.392361
19 59 0.485026 0.383681
20 59 0.484375 0.378472
21 59 0.488281 0.382812
22 59 0.486979 0.393229
23 59 0.488281 0.391493
24 59 0.486979 0.396701
25 59 0.485677 0.40191
1 60 0.240885 0.823785
2 60 0.236328 0.815104
3 60 0.233724 0.814236
4 60 0.154297 0.542824
5 60 0.308594 1.085648
6 60 0.229167 0.814236
7 60 0.222656 0.819444
8 60 0.229167 0.826389
9 60 0 0
10 60 0 0
11 60 0 0
12 60 0 0
13 60 0 0
14 60 0 0
15 60 0 0
16 60 0 0
17 60 0 0
18 60 0 0
19 60 0 0
20 60 0 0
21 60 0 0
22 60 0 0
23 60 0 0
24 60 0 0
25 60 0 0
1 61 0.619792 0.460938
2 61 0.620443 0.457465
3 61 0.617839 0.442708
4 61 0.620443 0.449653
5 61 0.621094 0.448785
6 61 0.620443 0.4375
7 61 0.626953 0.434896
8 61 0.626302 0.427951
9 61 0.620443 0.426215
10 61 0.633464 0.425347
11 61 0.629557 0.425347
12 61 0.638021 0.421875
13 61 0.638672 0.420139
14 61 0.638672 0.422743
15 61 0.645833 0.426215
16 61 0.645182 0.421007
17 61 0.649089 0.427951
18 61 0.64974 0.43316
19 61 0.65625 0.430556
20 61 0.655599 0.439236
21 61 0.657552 0.442708
22 61 0.658203 0.438368
23 61 0.65625 0.450521
24 61 0.658203 0.455729
25 61 0.658854 0.448785
1 62 0.541667 0.605035
2 62 0.535156 0.607639
3 62 0.535807 0.608507
4 62 0.538411 0.608507
5 62 0.536458 0.600694
6 62 0.529948 0.597222
7 62 0.528646 0.601562
8 62 0.529948 0.602431
9 62 0.529297 0.588542
10 62 0.521484 0.591146
11 62 0.524089 0.594618
12 62 0.524089 0.579861
13 62 0.524089 0.580729
14 62 0.522135 0.587674
15 62 0.526042 0.578125
16 62 0.526693 0.570312
17 62 0.521484 0.569444
18 62 0.523438 0.581597
19 62 0.527995 0.561632
20 62 0.52474 0.559896
21 62 0.526042 0.565104
22 62 0.533203 0.581597
23 62 0.533854 0.55816
24 62 0.530599 0.554688
25 62 0.531901 0.554688
1 63 0.108073 0.756076
2 63 0.106771 0.756944
3 63 0.104818 0.746528
4 63 0.111328 0.750868
5 63 0.110026 0.749132
6 63 0.110677 0.738715
7 63 0.114583 0.744792
8 63 0.110677 0.736979
9 63 0.115234 0.733507
10 63 0.117188 0.736979
11 63 0.11263 0.732639
12 63 0.117839 0.727431
13 63 0.120443 0.730035
14 63 0.119141 0.719618
15 63 0.121745 0.71875
16 63 0.122396 0.72309
17 63 0.120443 0.71441
18 63 0.125 0.716146
19 63 0.125651 0.713542
20 63 0.124349 0.707465
21 63 0.13151 0.710938
22 63 0.129557 0.707465
23 63 0.130208 0.698785
24 63 0.130208 0.697049
25 63 0 0
1 64 0.348307 0.496528
2 64 0.347656 0.506076
3 64 0.347005 0.500868
4 64 0.33724 0.498264
5 64 0.341146 0.501736
6 64 0.339844 0.499132
7 64 0.334635 0.493056
8 64 0.332031 0.493924
9 64 0.330729 0.494792
10 64 0.332682 0.489583
11 64 0.32487 0.490451
12 64 0.326823 0.491319
13 64 0.324219 0.488715
14 64 0.317057 0.485243
15 64 0.322266 0.485243
16 64 0.318359 0.482639
17 64 0.304688 0.476562
18 64 0.313802 0.478299
19 64 0 0
20 64 0 0
21 64 0 0
22 64 0 0
23 64 0 0
24 64 0 0
25 64 0 0
1 65 0.0377604 0.613715
2 65 0.015625 0.611979
3 65 0.0279948 0.617188
4 65 0.0273438 0.619792
5 65 0.0214844 0.637153
6 65 0.016276 0.641493
7 65 0.0240885 0.638889
8 65 0.015625 0.653646
9 65 0.0169271 0.649306
10 65 0.0201823 0.648438
11 65 0.0253906 0.65625
12 65 0.0188802 0.657986
13 65 0.0201823 0.649306
14 65 0 0
15 65 0 0
16 65 0 0
17 65 0 0
18 65 0 0
19 65 0 0
20 65 0 0
21 65 0 0
22 65 0 0
23 65 0 0
24 65 0 0
25 65 0 0
1 66 0.298177 0.377604
2 66 0.301432 0.385417
3 66 0.301432 0.388889
4 66 0.300781 0.393229
5 66 0.303385 0.396701
6 66 0.304688 0.398438
7 66 0.302083 0.403646
8 66 0.309245 0.407986
9 66 0.313802 0.409722
10 66 0.311198 0.403646
11 66 0.314453 0.411458
12 66 0.31901 0.411458
13 66 0.31901 0.403646
14 66 0.320312 0.409722
15 66 0.328125 0.409722
16 66 0.324219 0.40625
17 66 0.327474 0.40191
18 66 0.332682 0.397569
19 66 0.329427 0.398438
20 66 0.330078 0.388021
21 66 0.335938 0.387153
22 66 0.333333 0.382812
23 66 0.332682 0.382812
24 66 0.335286 0.373264
25 66 0.334635 0.374132
1 67 0.828125 0.614583
2 67 0.827474 0.624132
3 67 0.830078 0.624132
4 67 0.830078 0.638889
5 67 0.835938 0.635417
6 67 0.83724 0.635417
7 67 0.835286 0.631076
8 67 0.843099 0.633681
9 67 0.845052 0.62934
10 67 0.845378 0.629774
11 67 0.845703 0.630208
12 67 0.858073 0.628472
13 67 0.865234 0.631076
14 67 0.861328 0.640625
15 67 0.867839 0.638021
16 67 0.863932 0.641493
17 67 0.867188 0.652778
18 67 0.865234 0.658854
19 67 0.865234 0.650174
20 67 0.863281 0.659722
21 67 0.863281 0.672743
22 67 0.861979 0.668403
23 67 0.859375 0.669271
24 67 0.857422 0.676215
25 67 0.860026 0.677951
1 68 0.134115 0.419271
2 68 0.153646 0.424479
3 68 0.147135 0.426215
4 68 0 0
5 68 0 0
6 68 0 0
7 68 0 0
8 68 0 0
9 68 0 0
10 68 0 0
11 68 0 0
12 68 0 0
13 68 0 0
14 68 0 0
15 68 0 0
16 68 0 0
17 68 0 0
18 68 0 0
19 68 0 0
20 68 0 0
21 68 0 0
22 68 0 0
23 68 0 0
24 68 0 0
25 68 0 0
1 69 0.928385 0.769097
2 69 0.928385 0.763021
3 69 0.928385 0.755208
4 69 0.928385 0.760417
5 69 0.932292 0.751302
6 69 0.936198 0.742188
7 69 0.938151 0.744792
8 69 0.940755 0.748264
9 69 0.943359 0.739583
10 69 0.944661 0.74566
11 69 0.951172 0.74566
12 69 0.954427 0.743056
13 69 0.954427 0.75
14 69 0.960286 0.757812
15 69 0.957031 0.75434
16 69 0.958984 0.759549
17 69 0.960286 0.772569
18 69 0.958333 0.763889
19 69 0.958984 0.763021
20 69 0.958333 0.780382
21 69 0.955078 0.776042
22 69 0.953125 0.778646
23 69 0.95638 0.783854
24 69 0.943359 0.788194
25 69 0.945312 0.787326
1 70 0.983073 0.442708
2 70 0.985677 0.448785
3 70 0.984375 0.431424
4 70 0.981771 0.431424
5 70 0.984375 0.431424
6 70 0.983724 0.418403
7 70 0.984375 0.425347
8 70 0.983724 0.424479
9 70 0.98763 0.405382
10 70 0.988281 0.403646
11 70 0.985026 0.400174
12 70 0.985677 0.395833
13 70 0.983073 0.388889
14 70 0.979167 0.387153
15 70 0.980469 0.386285
16 70 0.977214 0.380208
17 70 0.976562 0.37934
18 70 0.971354 0.368056
19 70 0.969401 0.364583
20 70 0.96875 0.368056
21 70 0.968099 0.356771
22 70 0.971354 0.361979
23 70 0.968099 0.357639
24 70 0.969401 0.355035
25 70 0.969401 0.345486
1 71 0.203125 0.471354
2 71 0.207031 0.479167
3 71 0.203125 0.479167
4 71 0.195964 0.479167
5 71 0.193359 0.483507
6 71 0.192057 0.474826
7 71 0.190755 0.473524
8 71 0.189453 0.472222
9 71 0.182292 0.465278
10 71 0.180339 0.470486
11 71 0.180339 0.473958
12 71 0.090007 0.239583
13 71 0.180013 0.479166
14 71 0.27002 0.71875
15 71 0.179688 0.484375
16 71 0.177083 0.485243
17 71 0.177408 0.486545
18 71 0.177734 0.487847
19 71 0.118272 0.322627
20 71 0.236545 0.645255
21 71 0.177083 0.480035
22 71 0 0
23 71 0 0
24 71 0 0
25 71 0 0
1 72 0.925781 0.118924
2 72 0.92513 0.119792
3 72 0.929688 0.116753
4 72 0.934245 0.113715
5 72 0.932292 0.111979
6 72 0.935547 0.115451
7 72 0.9375 0.117188
8 72 0.942708 0.119792
9 72 0.939453 0.123264
10 72 0.944661 0.123264
11 72 0.94987 0.130208
12 72 0.953125 0.132812
13 72 0.956705 0.134115
14 72 0.960286 0.135417
15 72 0.960938 0.138021
16 72 0.958333 0.132812
17 72 0.964843 0.131076
18 72 0.971354 0.12934
19 72 0.970703 0.124132
20 72 0.970052 0.126736
21 72 0.973958 0.125
22 72 0.983073 0.117188
23 72 0.983724 0.123264
24 72 0.985677 0.125
25 72 0.985026 0.118924
1 73 0.25 0.71441
2 73 0.253255 0.71875
3 73 0.255859 0.71875
4 73 0.252604 0.725694
5 73 0.259766 0.727431
6 73 0.263021 0.727431
7 73 0.263021 0.728299
8 73 0.266927 0.731771
9 73 0.271484 0.730903
10 73 0.269531 0.728299
11 73 0.276693 0.733507
12 73 0.280599 0.730035
13 73 0.277344 0.726562
14 73 0.283854 0.72309
15 73 0.286458 0.727431
16 73 0.286458 0.719618
17 73 0.285807 0.719618
18 73 0.288411 0.719618
19 73 0.290365 0.708333
20 73 0.292318 0.708333
21 73 0.291016 0.707465
22 73 0.292318 0.702257
23 73 0.295573 0.696181
24 73 0.287109 0.692708
25 73 0.289062 0.689236
1 74 0.907552 0.210938
2 74 0.908854 0.217882
3 74 0.909505 0.213542
4 74 0.908854 0.213542
5 74 0.909505 0.217014
6 74 0.908854 0.210938
7 74 0.908854 0.211806
8 74 0.908203 0.21441
9 74 0.907552 0.209201
10 74 0.907552 0.210938
11 74 0.905599 0.210938
12 74 0.90625 0.208333
13 74 0.907552 0.210938
14 74 0.904948 0.208333
15 74 0.907552 0.210938
16 74 0.906901 0.210069
17 74 0.904297 0.209201
18 74 0.905599 0.207465
19 74 0.904948 0.206597
20 74 0.904297 0.210069
21 74 0.905599 0.210069
22 74 0.908854 0.210938
23 74 0.906901 0.212674
24 74 0.907552 0.213542
25 74 0.906901 0.207465
1 75 0.361979 0.772569
2 75 0.358399 0.769097
3 75 0.354818 0.765625
4 75 0.357422 0.768229
5 75 0.358073 0.762153
6 75 0.352214 0.768229
7 75 0.356771 0.769965
8 75 0.359375 0.767361
9 75 0.350911 0.770833
10 75 0.353516 0.762153
11 75 0.348307 0.764757
12 75 0.346354 0.768229
13 75 0.354167 0.769097
14 75 0.348959 0.767795
15 75 0.34375 0.766493
16 75 0.35026 0.763889
17 75 0.342448 0.757812
18 75 0.343099 0.762153
19 75 0.348307 0.760417
20 75 0.337891 0.751736
21 75 0.336589 0.757812
22 75 0.349609 0.759549
23 75 0.335286 0.749132
24 75 0.341797 0.748264
25 75 0.34375 0.752604
1 76 0.95638 0.265625
2 76 0.95638 0.273438
3 76 0.960286 0.269097
4 76 0.964844 0.271701
5 76 0.961589 0.275174
6 76 0.964844 0.275174
7 76 0.972656 0.276042
8 76 0.973958 0.279514
9 76 0.973307 0.275174
10 76 0.973958 0.27691
11 76 0.981771 0.279514
12 76 0.98112 0.278646
13 76 0.981771 0.278646
14 76 0.986979 0.27691
15 76 0.989583 0.27691
16 76 0.990885 0.275174
17 76 0.990885 0.276042
18 76 0.988281 0.273438
19 76 0.990234 0.275608
20 76 0.992188 0.277778
21 76 0 0
22 76 0 0
23 76 0 0
24 76 0 0
25 76 0 0
1 77 0.772786 0.282118
2 77 0.771484 0.291667
3 77 0.771484 0.292535
4 77 0.770833 0.296007
5 77 0.770833 0.303819
6 77 0.775391 0.309028
7 77 0.772135 0.313368
8 77 0.778646 0.31684
9 77 0.779948 0.321181
10 77 0.781901 0.319444
11 77 0.782552 0.326389
12 77 0.782552 0.323785
13 77 0.789062 0.322049
14 77 0.789062 0.328125
15 77 0.794922 0.322917
16 77 0.802083 0.323785
17 77 0.798177 0.322049
18 77 0.808594 0.317708
19 77 0.807943 0.313368
20 77 0.810547 0.306424
21 77 0.810547 0.315104
22 77 0.8125 0.297743
23 77 0.811849 0.297743
24 77 0.809896 0.298611
25 77 0.8125 0.287326
1 78 0.983724 0.591146
2 78 0.982422 0.592882
3 78 0.983724 0.590278
4 78 0.983724 0.591146
5 78 0.983724 0.592014
6 78 0.985026 0.590278
7 78 0.983724 0.591146
8 78 0.983073 0.592014
9 78 0.984375 0.591146
10 78 0.984375 0.591146
11 78 0.983724 0.592014
12 78 0.984375 0.592014
13 78 0.984375 0.590278
14 78 0.983073 0.59375
15 78 0.984375 0.592014
16 78 0.985026 0.591146
17 78 0.984375 0.592014
18 78 0.985026 0.591146
19 78 0.984375 0.590278
20 78 0.984375 0.592882
21 78 0.984375 0.592014
22 78 0.984375 0.590278
23 78 0.984375 0.592014
24 78 0.984375 0.592014
25 78 0.984375 0.590278
1 79 0.535807 0.708333
2 79 0.539062 0.709201
3 79 0.544271 0.705729
4 79 0.557292 0.693576
5 79 0.552083 0.703125
6 79 0.37283 0.467593
7 79 0.745659 0.935185
8 79 0.566406 0.699653
9 79 0.576823 0.695312
10 79 0.572591 0.694444
11 79 0.568359 0.693576
12 79 0.573568 0.696614
13 79 0.578776 0.699653
14 79 0.578776 0.707465
15 79 0.586589 0.710069
16 79 0.591797 0.710938
17 79 0.593099 0.71875
18 79 0.587891 0.71441
19 79 0.593425 0.715278
20 79 0.598958 0.716146
21 79 0.605143 0.715712
22 79 0.611328 0.715278
23 79 0 0
24 79 0 0
25 79 0 0
1 80 0.598307 0.625868
2 80 0.597656 0.630208
3 80 0.599609 0.626736
4 80 0.60026 0.624132
5 80 0.599609 0.625
6 80 0.601562 0.624132
7 80 0.599609 0.62066
8 80 0.599609 0.626736
9 80 0.600911 0.624132
10 80 0.599609 0.625
11 80 0.598307 0.630208
12 80 0.60026 0.625868
13 80 0.60026 0.625
14 80 0.598307 0.630208
15 80 0.599609 0.627604
16 80 0.599609 0.625868
17 80 0.598307 0.630208
18 80 0.598958 0.62934
19 80 0.599609 0.625
20 80 0.598307 0.630208
21 80 0.598958 0.631076
22 80 0.599609 0.626736
23 80 0.598958 0.630208
24 80 0.598307 0.631944
25 80 0.599609 0.628472
1 81 0.796875 0.448785
2 81 0.795573 0.449653
3 81 0.797526 0.448785
4 81 0.796224 0.449653
5 81 0.794922 0.449653
6 81 0.796224 0.448785
7 81 0.796224 0.447917
8 81 0.794922 0.450521
9 81 0.796875 0.448785
10 81 0.796875 0.446181
11 81 0.794922 0.450521
12 81 0.796875 0.450521
13 81 0.796875 0.447917
14 81 0.795573 0.450521
15 81 0.797526 0.449653
16 81 0.796875 0.447917
17 81 0.795573 0.451389
18 81 0.796224 0.449653
19 81 0.797526 0.446181
20 81 0.796224 0.451389
21 81 0.796875 0.449653
22 81 0.798177 0.445312
23 81 0.795573 0.448785
24 81 0.795573 0.449653
25 81 0.798177 0.445312
1 82 0.188151 0.388889
2 82 0.191406 0.387153
3 82 0.196615 0.384549
4 82 0.193359 0.376736
5 82 0.194661 0.37066
6 82 0.195964 0.369792
7 82 0.189453 0.362847
8 82 0.195312 0.362847
9 82 0.188151 0.360243
10 82 0.190104 0.352431
11 82 0.191406 0.357639
12 82 0.184896 0.351562
13 82 0.185547 0.346354
14 82 0.182292 0.351562
15 82 0.176432 0.347222
16 82 0.176432 0.34375
17 82 0.178385 0.349826
18 82 0.172526 0.350694
19 82 0.171875 0.34375
20 82 0.172526 0.351562
21 82 0.167318 0.349826
22 82 0.166667 0.347222
23 82 0.167318 0.360243
24 82 0.163411 0.357639
25 82 0.164062 0.353299
1 83 0.48763 0.814236
2 83 0.488932 0.817708
3 83 0.498698 0.815972
4 83 0.5 0.817708
5 83 0.501302 0.819444
6 83 0.509766 0.820312
7 83 0.511068 0.821181
8 83 0.507161 0.826389
9 83 0.512695 0.831163
10 83 0.518229 0.835938
11 83 0.514974 0.83941
12 83 0.52474 0.844618
13 83 0.520182 0.842014
14 83 0.520833 0.853299
15 83 0.52474 0.858507
16 83 0.520182 0.859375
17 83 0.522786 0.866319
18 83 0.522786 0.868924
19 83 0.521484 0.885417
20 83 0.51888 0.883681
21 83 0.519531 0.875
22 83 0.513672 0.888889
23 83 0.338542 0.591725
24 83 0.677083 1.183449
25 83 0.501953 0.886285
1 84 0.907552 0.559028
2 84 0.908854 0.570312
3 84 0.917318 0.569444
4 84 0.916016 0.570312
5 84 0.91276 0.575521
6 84 0.919922 0.576389
7 84 0.91862 0.585069
8 84 0.917318 0.585938
9 84 0.917318 0.586806
10 84 0.914062 0.58941
11 84 0.917318 0.599826
12 84 0.911458 0.59809
13 84 0.912109 0.597222
14 84 0.91276 0.603299
15 84 0.90625 0.601562
16 84 0.904297 0.606771
17 84 0.900391 0.606771
18 84 0.89388 0.603299
19 84 0.896484 0.602431
20 84 0.892578 0.59809
21 84 0.886068 0.596354
22 84 0.888672 0.594618
23 84 0.889974 0.592882
24 84 0.884115 0.591146
25 84 0.886719 0.587674
1 85 0.667969 0.884549
2 85 0.667318 0.87066
3 85 0.66862 0.872396
4 85 0.666016 0.869792
5 85 0.663411 0.862847
6 85 0.666016 0.863715
7 85 0.659505 0.859375
8 85 0.65625 0.856771
9 85 0.654297 0.855035
10 85 0.653646 0.853299
11 85 0.648438 0.855035
12 85 0.646484 0.856771
13 85 0.636719 0.857639
14 85 0.63737 0.861111
15 85 0.640625 0.860243
16 85 0.630208 0.860243
17 85 0.630208 0.865451
18 85 0.625651 0.871528
19 85 0.626302 0.863715
20 85 0.625 0.874132
21 85 0.620443 0.885417
22 85 0.623698 0.875868
23 85 0.624349 0.886285
24 85 0.619141 0.888021
25 85 0.625 0.888889
1 86 0.585938 0.105035
2 86 0.578776 0.112847
3 86 0.577474 0.110243
4 86 0.578776 0.121528
5 86 0.577474 0.123264
6 86 0.577474 0.124132
7 86 0.58138 0.125
8 86 0.576172 0.138889
9 86 0.580078 0.140625
10 86 0.585286 0.135417
11 86 0.585286 0.144965
12 86 0.585938 0.144097
13 86 0.589844 0.143229
14 86 0.593099 0.148438
15 86 0.595703 0.147569
16 86 0.598307 0.139757
17 86 0.602865 0.146701
18 86 0.60612 0.145833
19 86 0.60612 0.133681
20 86 0.610351 0.133681
21 86 0.614583 0.133681
22 86 0.611979 0.125868
23 86 0.61263 0.122396
24 86 0.615885 0.119792
25 86 0.611979 0.123264
1 87 0.167318 0.648438
2 87 0.16276 0.657118
3 87 0.166016 0.638889
4 87 0.158203 0.644965
5 87 0.164714 0.641493
6 87 0.162109 0.633681
7 87 0.159505 0.633681
8 87 0.164062 0.632812
9 87 0.160156 0.623264
10 87 0.161458 0.625
11 87 0.164714 0.628472
12 87 0.161458 0.613715
13 87 0.167969 0.618924
14 87 0.16276 0.610243
15 87 0.162109 0.612847
16 87 0.171224 0.609375
17 87 0.163411 0.605903
18 87 0.172526 0.605903
19 87 0.172526 0.597222
20 87 0.17513 0.602431
21 87 0.179688 0.600694
22 87 0.177083 0.594618
23 87 0.183594 0.602431
24 87 0.184245 0.595486
25 87 0.186849 0.597222
1 88 0.367839 0.153646
2 88 0.369792 0.15625
3 88 0.36263 0.150174
4 88 0.360026 0.155382
5 88 0.360677 0.147569
6 88 0.357422 0.137153
7 88 0.36263 0.143229
8 88 0.360026 0.131944
9 88 0.367839 0.132812
10 88 0.369141 0.119792
11 88 0.367839 0.131076
12 88 0.375 0.119792
13 88 0.374675 0.117188
14 88 0.374349 0.114583
15 88 0.374023 0.113281
16 88 0.373698 0.111979
17 88 0.370769 0.108073
18 88 0.367839 0.104167
19 88 0.183431 0.053169
20 88 0.366862 0.106337
21 88 0.550293 0.159505
22 88 0.365885 0.108507
23 88 0.243923 0.074074
24 88 0.487847 0.148148
25 88 0.365885 0.113715
1 89 0.17513 0.130208
2 89 0.170573 0.125868
3 89 0.171224 0.125
4 89 0.169922 0.123264
5 89 0.164388 0.113715
6 89 0.158854 0.104167
7 89 0.162109 0.111111
8 89 0.161458 0.100694
9 89 0.160807 0.097222
10 89 0.160156 0.09375
11 89 0.156901 0.09375
12 89 0.158203 0.0850694
13 89 0.158854 0.0850694
14 89 0.106771 0.051794
15 89 0.213541 0.103588
16 89 0.161458 0.0703125
17 89 0.163411 0.0729167
18 89 0.163411 0.0763889
19 89 0.166016 0.0616319
20 89 0.164062 0.0538194
21 89 0.161458 0.0555556
22 89 0.161458 0.0477431
23 89 0.162109 0.0451389
24 89 0.151693 0.0494792
25 89 0.154297 0.0364583
1 90 0.490234 0.582465
2 90 0.485026 0.588542
3 90 0.48763 0.584201
4 90 0.485026 0.597222
5 90 0.483073 0.600694
6 90 0.48763 0.601562
7 90 0.486979 0.602431
8 90 0.484375 0.608507
9 90 0.490885 0.615451
10 90 0.488932 0.624132
11 90 0.490885 0.622396
12 90 0.499349 0.623264
13 90 0.498698 0.619792
14 90 0.501302 0.625
15 90 0.510417 0.624132
16 90 0.511068 0.617188
17 90 0.518229 0.62066
18 90 0.517578 0.621528
19 90 0.526042 0.610243
20 90 0.52474 0.619792
21 90 0.525391 0.601562
22 90 0.525391 0.607205
23 90 0.525391 0.612847
24 90 0.526042 0.592014
25 90 0.527995 0.594618
1 91 0.630208 0.268229
2 91 0.634115 0.261285
3 91 0.630208 0.256076
4 91 0.635417 0.256076
5 91 0.636719 0.241319
6 91 0.632161 0.243056
7 91 0.640625 0.233507
8 91 0.642904 0.234809
9 91 0.645182 0.236111
10 91 0.641276 0.230903
11 91 0.64974 0.237847
12 91 0.646484 0.229167
13 91 0.643229 0.226562
14 91 0.634766 0.217882
15 91 0.635743 0.216146
16 91 0.636719 0.21441
17 91 0.636719 0.206597
18 91 0.63737 0.202257
19 91 0.63151 0.198785
20 91 0.626302 0.193576
21 91 0.632161 0.195312
22 91 0.623698 0.194444
23 91 0.614583 0.193576
24 91 0.61849 0.197917
25 91 0.606771 0.198785
1 92 0.784505 0.046875
2 92 0.790365 0.0486111
3 92 0.790365 0.0494792
4 92 0.794922 0.046875
5 92 0.794922 0.0486111
6 92 0.796224 0.0451389
7 92 0.803385 0.0512153
8 92 0.798828 0.0529514
9 92 0.809245 0.0538194
10 92 0.809245 0.0564236
11 92 0.807292 0.0642361
12 92 0.815104 0.0572917
13 92 0.815104 0.0746528
14 92 0.814453 0.0755208
15 92 0.815755 0.0746528
16 92 0.813151 0.0755208
17 92 0.811849 0.0894097
18 92 0.816406 0.0859375
19 92 0.808594 0.0894097
20 92 0.804037 0.095052
21 92 0.799479 0.100694
22 92 0.798828 0.0954861
23 92 0.796875 0.0980903
24 92 0.792969 0.0920139
25 92 0.791667 0.0902778
1 93 0.60612 0.203993
2 93 0.607422 0.219618
3 93 0.608724 0.223958
4 93 0.611979 0.222222
5 93 0.617839 0.236979
6 93 0.61263 0.227431
7 93 0.623047 0.232639
8 93 0.620443 0.235243
9 93 0.621094 0.229167
10 93 0.624675 0.229167
11 93 0.628255 0.229167
12 93 0 0
13 93 0 0
14 93 0 0
15 93 0 0
16 93 0 0
17 93 0 0
18 93 0 0
19 93 0 0
20 93 0 0
21 93 0 0
22 93 0 0
23 93 0 0
24 93 0 0
25 93 0 0
1 94 0.904948 0.015625
2 94 0.902995 0.0164931
3 94 0.905599 0.0147569
4 94 0.905599 0.015625
5 94 0.90625 0.015625
6 94 0.90625 0.0130208
7 94 0.907552 0.0138889
8 94 0.90625 0.0147569
9 94 0.90625 0.0130208
10 94 0.906901 0.0130208
11 94 0.905599 0.0138889
12 94 0.90625 0.0121528
13 94 0.905599 0.0130208
14 94 0.906901 0.0130208
15 94 0.906901 0.0130208
16 94 0.907552 0.0121528
17 94 0.905599 0.0130208
18 94 0.89974 0.0121528
19 94 0.902995 0.0121528
20 94 0.914714 0.0138889
21 94 0.902995 0.0138889
22 94 0.904297 0.0121528
23 94 0.905599 0.0130208
24 94 0 0
25 94 0 0
1 95 0.652344 0.340278
2 95 0.651042 0.340278
3 95 0.660156 0.346354
4 95 0.657552 0.344618
5 95 0.658203 0.335069
6 95 0.666016 0.336806
7 95 0.664714 0.342014
8 95 0.663411 0.335938
9 95 0.666667 0.326389
10 95 0.671224 0.328993
11 95 0.664714 0.328993
12 95 0.667318 0.322917
13 95 0.673177 0.317708
14 95 0.667318 0.318576
15 95 0.66276 0.310764
16 95 0.667318 0.310764
17 95 0.666016 0.3125
18 95 0.655599 0.307292
19 95 0.661458 0.301215
20 95 0.660156 0.307292
21 95 0.651693 0.309028
22 95 0.64388 0.302951
23 95 0.652344 0.305556
24 95 0.646484 0.310764
25 95 0 0
1 96 0.571615 0.6875
2 96 0.563802 0.689236
3 96 0.564453 0.671007
4 96 0.374349 0.447627
5 96 0.748698 0.895255
6 96 0.558594 0.671875
7 96 0.55599 0.674913
8 96 0.553385 0.677951
9 96 0.552734 0.673611
10 96 0.547851 0.677952
11 96 0.542969 0.682292
12 96 0.546224 0.684028
13 96 0.539062 0.686632
14 96 0.541667 0.688368
15 96 0.539714 0.69184
16 96 0.534505 0.690972
17 96 0.53776 0.698785
18 96 0.534505 0.700521
19 96 0.538411 0.699653
20 96 0.537109 0.711806
21 96 0.53776 0.713542
22 96 0.541667 0.707465
23 96 0.539714 0.724826
24 96 0.54362 0.720486
25 96 0.554036 0.72309
1 97 0.621094 0.755208
2 97 0.620443 0.756076
3 97 0.621094 0.75434
4 97 0.621094 0.75434
5 97 0.621094 0.756076
6 97 0.621745 0.753472
7 97 0.621745 0.753472
8 97 0.620443 0.756944
9 97 0.621094 0.753472
10 97 0.621745 0.753472
11 97 0.620443 0.756944
12 97 0.621094 0.75434
13 97 0.621094 0.753472
14 97 0.620443 0.756076
15 97 0.621745 0.75434
16 97 0.622396 0.753472
17 97 0.621745 0.756076
18 97 0.621094 0.755208
19 97 0.607422 0.732639
20 97 0.621094 0.757812
21 97 0.61849 0.744792
22 97 0.621745 0.752604
23 97 0.620443 0.756076
24 97 0.620443 0.756076
25 97 0.621094 0.753472
1 98 0.628906 0.546007
2 98 0.630208 0.552951
3 98 0.628255 0.545139
4 98 0.638021 0.547743
5 98 0.632812 0.552083
6 98 0.638672 0.542535
7 98 0.642578 0.549479
8 98 0.638672 0.543403
9 98 0.644531 0.540799
10 98 0.644531 0.545139
11 98 0.64388 0.53559
12 98 0.647135 0.528646
13 98 0.644531 0.532118
14 98 0.64388 0.530382
15 98 0.64974 0.525174
16 98 0.641276 0.522569
17 98 0.644531 0.513021
18 98 0.640625 0.514757
19 98 0.63737 0.513021
20 98 0.63737 0.511285
21 98 0.635417 0.515625
22 98 0.632161 0.506076
23 98 0.635417 0.509549
24 98 0.628906 0.518229
25 98 0.623047 0.513889
1 99 0.69401 0.22309
2 99 0.692708 0.226562
3 99 0.697265 0.226996
4 99 0.701823 0.227431
5 99 0.705078 0.231771
6 99 0.705078 0.223958
7 99 0.710286 0.21875
8 99 0.704427 0.227431
9 99 0.710286 0.209201
10 99 0.70638 0.215278
11 99 0.707682 0.217882
12 99 0.714844 0.210069
13 99 0.714193 0.210069
14 99 0.71875 0.216146
15 99 0.727214 0.215278
16 99 0.729167 0.220486
17 99 0.727214 0.22309
18 99 0.73112 0.224826
19 99 0.729167 0.223958
20 99 0.729818 0.238715
21 99 0.725911 0.236111
22 99 0.735677 0.229167
23 99 0.733073 0.237847
24 99 0.731771 0.229167
25 99 0.740234 0.22309
1 100 0 0
2 100 0.123698 0.0104167
3 100 0 0
4 100 0 0
5 100 0 0
6 100 0 0
7 100 0 0
8 100 0 0
9 100 0 0
10 100 0 0
11 100 0 0
12 100 0 0
13 100 0 0
14 100 0 0
15 100 0 0
16 100 0 0
17 100 0.143229 0.015625
18 100 0.089844 0.011574
19 100 0.179687 0.023148
20 100 0.126302 0.0190972
21 100 0.130208 0.0138889
22 100 0 0
23 100 0 0
24 100 0 0
25 100 0 0
1 101 0 0
2 101 0.798828 0.895833
3 101 0.799479 0.895833
4 101 0 0
5 101 0 0
6 101 0 0
7 101 0 0
8 101 0 0
9 101 0 0
10 101 0 0
11 101 0 0
12 101 0 0
13 101 0 0
14 101 0 0
15 101 0 0
16 101 0 0
17 101 0 0
18 101 0 0
19 101 0 0
20 101 0 0
21 101 0.815755 0.875
22 101 0.818359 0.874132
23 101 0.816406 0.883681
24 101 0 0
25 101 0 0
1 102 0 0
2 102 0.244792 0.0104167
3 102 0.162761 0.007234
4 102 0.325521 0.014468
5 102 0.24349 0.0112847
6 102 0 0
7 102 0 0
8 102 0 0
9 102 0 0
10 102 0 0
11 102 0.244141 0.0104167
12 102 0.162761 0.006944
13 102 0.325521 0.013889
14 102 0.244141 0.0104167
15 102 0.162544 0.006366
16 102 0.325087 0.012732
17 102 0.24349 0.00868056
18 102 0.162544 0.006366
19 102 0.325087 0.012732
20 102 0.244141 0.0104167
21 102 0.121745 0.004991
22 102 0.24349 0.009983
23 102 0.365235 0.014974
24 102 0.242839 0.00954861
25 102 0 0
1 103 0 0
2 103 0.168295 0.024306
3 103 0.336589 0.0486111
4 103 0 0
5 103 0 0
6 103 0 0
7 103 0 0
8 103 0.354167 0.0581597
9 103 0.357422 0.0512153
10 103 0.369792 0.0494792
11 103 0.366211 0.044705
12 103 0.36263 0.0399306
13 103 0 0
14 103 0 0
15 103 0 0
16 103 0 0
17 103 0 0
18 103 0 0
19 103 0 0
20 103 0 0
21 103 0 0
22 103 0 0
23 103 0 0
24 103 0 0
25 103 0 0
1 104 0 0
2 104 0.163411 0.054688
3 104 0.326823 0.109375
4 104 0.165364 0.051649
5 104 0.330729 0.103299
6 104 0.496093 0.154948
7 104 0.334635 0.0972222
8 104 0.335938 0.106771
9 104 0.335286 0.105903
10 104 0.34375 0.111979
11 104 0.337891 0.115451
12 104 0.347005 0.125
13 104 0.342774 0.127604
14 104 0.338542 0.130208
15 104 0 0
16 104 0 0
17 104 0 0
18 104 0 0
19 104 0 0
20 104 0.354818 0.125868
21 104 0.358073 0.113715
22 104 0.357747 0.118924
23 104 0.357422 0.124132
24 104 0.361328 0.122396
25 104 0 0
1 105 0 0
2 105 0.350586 0.495225
3 105 0.701172 0.990451
4 105 0.708333 0.993056
5 105 0 0
6 105 0 0
7 105 0 0
8 105 0 0
9 105 0 0
10 105 0 0
11 105 0 0
12 105 0 0
13 105 0 0
14 105 0 0
15 105 0 0
16 105 0 0
17 105 0 0
18 105 0 0
19 105 0 0
20 105 0 0
21 105 0 0
22 105 0 0
23 105 0 0
24 105 0 0
25 105 0 0
1 106 0 0
2 106 0.079102 0.221354
3 106 0.158203 0.442708
4 106 0.149089 0.445312
5 106 0.151693 0.44184
6 106 0.151693 0.445312
7 106 0.165365 0.460069
8 106 0.152995 0.454861
9 106 0.148438 0.448785
10 106 0.149089 0.457465
11 106 0.146484 0.460069
12 106 0.14388 0.46441
13 106 0.141927 0.468316
14 106 0.139974 0.472222
15 106 0.141276 0.480035
16 106 0.145182 0.485243
17 106 0.130859 0.478299
18 106 0.138021 0.474826
19 106 0.128906 0.472222
20 106 0.116536 0.472222
21 106 0.132161 0.467882
22 106 0.126302 0.469184
23 106 0.120443 0.470486
24 106 0.111328 0.460069
25 106 0.114583 0.461806
1 107 0 0
2 107 0.01454 0.203704
3 107 0.02908 0.407407
4 107 0.0436198 0.611111
5 107 0.0403646 0.605903
6 107 0 0
7 107 0 0
8 107 0 0
9 107 0 0
10 107 0 0
11 107 0 0
12 107 0 0
13 107 0 0
14 107 0 0
15 107 0 0
16 107 0 0
17 107 0 0
18 107 0 0
19 107 0.047526 0.617188
20 107 0.040365 0.61849
21 107 0.0332031 0.619792
22 107 0.033854 0.614583
23 107 0.0345052 0.609375
24 107 0.038411 0.606337
25 107 0.0423177 0.603299
1 108 0 0
2 108 0.205946 0.095486
3 108 0.411893 0.190972
4 108 0.617839 0.286458
5 108 0.61849 0.269965
6 108 0.621094 0.272569
7 108 0.611979 0.278646
8 108 0.613281 0.27691
9 108 0.613281 0.276042
10 108 0.604167 0.28125
11 108 0.598307 0.283854
12 108 0.603516 0.282118
13 108 0.606771 0.287326
14 108 0.591146 0.293403
15 108 0.595703 0.291667
16 108 0.59375 0.291667
17 108 0.590495 0.304688
18 108 0.591146 0.313368
19 108 0.586589 0.305556
20 108 0.588542 0.310764
21 108 0.588542 0.325521
22 108 0.588542 0.323785
23 108 0.583333 0.322917
24 108 0.585286 0.329861
25 108 0.585938 0.340278
1 109 0 0
2 109 0.102539 0.243273
3 109 0.205078 0.486545
4 109 0.307617 0.729818
5 109 0.410156 0.97309
6 109 0.417318 0.988715
7 109 0.414062 0.983507
8 109 0.417969 0.988715
9 109 0.422526 0.982639
10 109 0.424154 0.982639
11 109 0.425781 0.982639
12 109 0.430339 0.982639
13 109 0.432943 0.986111
14 109 0.444661 0.986111
15 109 0.439453 0.989583
16 109 0.443359 0.988715
17 109 0.443033 0.990017
18 109 0.442708 0.991319
19 109 0.445638 0.990451
20 109 0.448568 0.989583
21 109 0.454753 0.988715
22 109 0.460938 0.987847
23 109 0.455729 0.986111
24 109 0.458333 0.982639
25 109 0.458984 0.978299
1 110 0 0
2 110 0.115397 0.111111
3 110 0.230795 0.222222
4 110 0.346192 0.333333
5 110 0.461589 0.444444
6 110 0.464844 0.440972
7 110 0.468099 0.4375
8 110 0.465495 0.440972
9 110 0.474609 0.444444
10 110 0.477865 0.438368
11 110 0.473307 0.445312
12 110 0.473307 0.445312
13 110 0.470703 0.447917
14 110 0.470703 0.454861
15 110 0.469401 0.452257
16 110 0.464844 0.457465
17 110 0.464844 0.457465
18 110 0.462891 0.456597
19 110 0.46224 0.455729
20 110 0.460286 0.460938
21 110 0.45638 0.459201
22 110 0.455729 0.466146
23 110 0.45638 0.461806
24 110 0.445312 0.465278
25 110 0.450521 0.462674
1 111 0 0
2 111 0.132487 0.00217
3 111 0.264974 0.00434
4 111 0.397461 0.00651
5 111 0.529948 0.00868056
6 111 0.532552 0.0130208
7 111 0.529297 0.011719
8 111 0.526042 0.0104167
9 111 0.52474 0.0121528
10 111 0.521484 0.00868056
11 111 0.517578 0.008247
12 111 0.513672 0.0078125
13 111 0.509766 0.00868056
14 111 0.340495 0.005787
15 111 0.68099 0.011574
16 111 0.511719 0.00868056
17 111 0 0
18 111 0 0
19 111 0 0
20 111 0 0
21 111 0 0
22 111 0 0
23 111 0 0
24 111 0 0
25 111 0 0
1 112 0 0
2 112 0.138997 0.170573
3 112 0.277995 0.341146
4 112 0.416992 0.511719
5 112 0.55599 0.682292
6 112 0.557617 0.684462
7 112 0.559245 0.686632
8 112 0.373047 0.457465
9 112 0.746094 0.914931
10 112 0.559896 0.685764
11 112 0 0
12 112 0 0
13 112 0 0
14 112 0 0
15 112 0 0
16 112 0 0
17 112 0 0
18 112 0 0
19 112 0 0
20 112 0 0
21 112 0 0
22 112 0 0
23 112 0 0
24 112 0 0
25 112 0 0
1 113 0 0
2 113 0.064779 0.077691
3 113 0.129557 0.155382
4 113 0.194336 0.233073
5 113 0.259115 0.310764
6 113 0.259766 0.310764
7 113 0.260417 0.310764
8 113 0.25651 0.321181
9 113 0 0
10 113 0 0
11 113 0 0
12 113 0 0
13 113 0 0
14 113 0 0
15 113 0 0
16 113 0 0
17 113 0 0
18 113 0 0
19 113 0 0
20 113 0 0
21 113 0 0
22 113 0 0
23 113 0 0
24 113 0 0
25 113 0 0
1 114 0 0
2 114 0 0
3 114 0 0
4 114 0 0
5 114 0 0
6 114 0.0351562 0.653646
7 114 0 0
8 114 0 0
9 114 0 0
10 114 0 0
11 114 0 0
12 114 0 0
13 114 0 0
14 114 0.031901 0.659722
15 114 0.0292969 0.662326
16 114 0.0266927 0.654514
17 114 0.0338542 0.661458
18 114 0.0371094 0.66059
19 114 0.0371094 0.658854
20 114 0.0358073 0.653646
21 114 0.0442708 0.659722
22 114 0.0397135 0.657118
23 114 0 0
24 114 0 0
25 114 0 0
1 115 0 0
2 115 0 0
3 115 0 0
4 115 0 0
5 115 0 0
6 115 0.515625 0.486979
7 115 0.51237 0.484375
8 115 0.508464 0.480903
9 115 0.510417 0.483507
10 115 0.508464 0.476562
11 115 0.509115 0.482639
12 115 0.511068 0.474826
13 115 0.509115 0.471354
14 115 0.51237 0.472222
15 115 0.514974 0.467014
16 115 0.520182 0.467882
17 115 0 0
18 115 0 0
19 115 0 0
20 115 0 0
21 115 0 0
22 115 0 0
23 115 0 0
24 115 0 0
25 115 0 0
1 116 0 0
2 116 0 0
3 116 0 0
4 116 0 0
5 116 0 0
6 116 0 0
7 116 0 0
8 116 0 0
9 116 0 0
10 116 0.391927 0.927083
11 116 0 0
12 116 0 0
13 116 0 0
14 116 0 0
15 116 0 0
16 116 0 0
17 116 0 0
18 116 0 0
19 116 0 0
20 116 0 0
21 116 0 0
22 116 0 0
23 116 0 0
24 116 0 0
25 116 0 0
1 117 0 0
2 117 0 0
3 117 0 0
4 117 0 0
5 117 0 0
6 117 0 0
7 117 0 0
8 117 0 0
9 117 0 0
10 117 0.412109 0.926215
11 117 0.407552 0.927083
12 117 0.407552 0.926215
13 117 0.414714 0.922743
14 117 0.408854 0.925347
15 117 0.417318 0.918403
16 117 0 0
17 117 0 0
18 117 0 0
19 117 0 0
20 117 0 0
21 117 0 0
22 117 0 0
23 117 0 0
24 117 0.417969 0.922743
25 117 0 0
1 118 0 0
2 118 0 0
3 118 0 0
4 118 0 0
5 118 0 0
6 118 0 0
7 118 0 0
8 118 0 0
9 118 0 0
10 118 0.395833 0.974826
11 118 0.397135 0.979167
12 118 0.395182 0.973958
13 118 0.397786 0.972222
14 118 0.395833 0.973958
15 118 0.396484 0.967014
16 118 0.395182 0.966146
17 118 0.393229 0.970486
18 118 0.395182 0.965278
19 118 0.395182 0.967882
20 118 0.392578 0.96875
21 118 0.391276 0.96875
22 118 0.396484 0.965278
23 118 0.395182 0.965278
24 118 0.392578 0.967882
25 118 0.395833 0.963542
1 119 0 0
2 119 0 0
3 119 0 0
4 119 0 0
5 119 0 0
6 119 0 0
7 119 0 0
8 119 0 0
9 119 0 0
10 119 0.229167 0.324653
11 119 0.152127 0.212095
12 119 0.304254 0.42419
13 119 0.227214 0.311632
14 119 0 0
15 119 0 0
16 119 0 0
17 119 0 0
18 119 0.223958 0.313368
19 119 0.21875 0.306424
20 119 0.218424 0.304688
21 119 0.218099 0.302951
22 119 0.225911 0.322917
23 119 0.220052 0.299479
24 119 0.222005 0.300347
25 119 0.226562 0.289931
1 120 0 0
2 120 0 0
3 120 0 0
4 120 0 0
5 120 0 0
6 120 0 0
7 120 0 0
8 120 0 0
9 120 0 0
10 120 0 0
11 120 0.0078125 0.172743
12 120 0.00651042 0.177951
13 120 0.00585938 0.186632
14 120 0.0104167 0.174479
15 120 0.0104167 0.177083
16 120 0.0123698 0.176215
17 120 0.0136719 0.176215
18 120 0.0136719 0.181424
19 120 0.0175781 0.184896
20 120 0.014974 0.189236
21 120 0.0182292 0.190104
22 120 0.0208333 0.19184
23 120 0.0175781 0.197917
24 120 0.0188802 0.209201
25 120 0.0182292 0.207465
1 121 0 0
2 121 0 0
3 121 0 0
4 121 0 0
5 121 0 0
6 121 0 0
7 121 0 0
8 121 0 0
9 121 0 0
10 121 0 0
11 121 0.166016 0.486111
12 121 0.169271 0.482639
13 121 0.169271 0.479167
14 121 0.16862 0.489583
15 121 0.111979 0.325521
16 121 0.223959 0.651041
17 121 0.167318 0.486979
18 121 0.168945 0.485243
19 121 0.170573 0.483507
20 121 0.165365 0.480035
21 121 0.166667 0.477865
22 121 0.167969 0.475694
23 121 0.159505 0.472222
24 121 0.163411 0.480035
25 121 0.152995 0.474826
1 122 0 0
2 122 0 0
3 122 0 0
4 122 0 0
5 122 0 0
6 122 0 0
7 122 0 0
8 122 0 0
9 122 0 0
10 122 0 0
11 122 0 0
12 122 0.19401 0.845486
13 122 0.198568 0.842882
14 122 0.207031 0.838542
15 122 0.194661 0.834201
16 122 0.203125 0.832465
17 122 0.201823 0.828993
18 122 0.203451 0.825955
19 122 0.205078 0.822917
20 122 0.193359 0.817708
21 122 0.190104 0.823785
22 122 0.189453 0.822048
23 122 0.188802 0.820312
24 122 0.195312 0.811632
25 122 0 0
1 123 0 0
2 123 0 0
3 123 0 0
4 123 0 0
5 123 0 0
6 123 0 0
7 123 0 0
8 123 0 0
9 123 0 0
10 123 0 0
11 123 0 0
12 123 0.45638 0.282986
13 123 0.453776 0.282118
14 123 0.445964 0.284722
15 123 0.442708 0.278646
16 123 0.443359 0.273438
17 123 0.436849 0.272569
18 123 0.438802 0.266493
19 123 0.436849 0.262153
20 123 0.436198 0.258681
21 123 0.430339 0.251736
22 123 0.428385 0.247396
23 123 0.434245 0.255208
24 123 0.421875 0.249132
25 123 0.421224 0.25
1 124 0 0
2 124 0 0
3 124 0 0
4 124 0 0
5 124 0 0
6 124 0 0
7 124 0 0
8 124 0 0
9 124 0 0
10 124 0 0
11 124 0 0
12 124 0 0
13 124 0.48763 0.440104
14 124 0.489583 0.445312
15 124 0.490234 0.4375
16 124 0.490885 0.434896
17 124 0.491536 0.432292
18 124 0.498698 0.423611
19 124 0.5 0.426215
20 124 0.496094 0.420139
21 124 0.497396 0.407986
22 124 0.331597 0.272569
23 124 0.663195 0.545139
24 124 0.497396 0.409722
25 124 0 0
1 125 0 0
2 125 0 0
3 125 0 0
4 125 0 0
5 125 0 0
6 125 0 0
7 125 0 0
8 125 0 0
9 125 0 0
10 125 0 0
11 125 0 0
12 125 0 0
13 125 0 0
14 125 0.188802 0.854167
15 125 0 0
16 125 0 0
17 125 0 0
18 125 0 0
19 125 0 0
20 125 0 0
21 125 0 0
22 125 0 0
23 125 0 0
24 125 0 0
25 125 0 0
1 126 0 0
2 126 0 0
3 126 0 0
4 126 0 0
5 126 0 0
6 126 0 0
7 126 0 0
8 126 0 0
9 126 0 0
10 126 0 0
11 126 0 0
12 126 0 0
13 126 0 0
14 126 0.647786 0.237847
15 126 0.651042 0.22309
16 126 0.654948 0.238715
17 126 0.661458 0.239583
18 126 0.657552 0.243924
19 126 0.666016 0.241319
20 126 0.667969 0.250868
21 126 0.669922 0.257812
22 126 0.669922 0.250868
23 126 0.670573 0.273438
24 126 0.669922 0.269965
25 126 0.670573 0.273438
1 127 0 0
2 127 0 0
3 127 0 0
4 127 0 0
5 127 0 0
6 127 0 0
7 127 0 0
8 127 0 0
9 127 0 0
10 127 0 0
11 127 0 0
12 127 0 0
13 127 0 0
14 127 0 0
15 127 0 0
16 127 0.541667 0.529514
17 127 0 0
18 127 0 0
19 127 0 0
20 127 0 0
21 127 0 0
22 127 0.540365 0.513021
23 127 0.537109 0.520833
24 127 0.539713 0.516059
25 127 0.542318 0.511285
1 128 0 0
2 128 0 0
3 128 0 0
4 128 0 0
5 128 0 0
6 128 0 0
7 128 0 0
8 128 0 0
9 128 0 0
10 128 0 0
11 128 0 0
12 128 0 0
13 128 0 0
14 128 0 0
15 128 0 0
16 128 0.176432 0.835938
17 128 0 0
18 128 0 0
19 128 0 0
20 128 0 0
21 128 0 0
22 128 0 0
23 128 0 0
24 128 0 0
25 128 0 0
1 129 0 0
2 129 0 0
3 129 0 0
4 129 0 0
5 129 0 0
6 129 0 0
7 129 0 0
8 129 0 0
9 129 0 0
10 129 0 0
11 129 0 0
12 129 0 0
13 129 0 0
14 129 0 0
15 129 0 0
16 129 0.0104167 0.220486
17 129 0.00976562 0.235243
18 129 0.014974 0.236979
19 129 0.0110677 0.228299
20 129 0.0136719 0.247396
21 129 0.0136719 0.244792
22 129 0.0208333 0.242188
23 129 0.0169271 0.243056
24 129 0.0201823 0.238715
25 129 0.0273438 0.237847
1 130 0 0
2 130 0 0
3 130 0 0
4 130 0 0
5 130 0 0
6 130 0 0
7 130 0 0
8 130 0 0
9 130 0 0
10 130 0 0
11 130 0 0
12 130 0 0
13 130 0 0
14 130 0 0
15 130 0 0
16 130 0 0
17 130 0.31901 0.422743
18 130 0 0
19 130 0 0
20 130 0 0
21 130 0 0
22 130 0 0
23 130 0 0
24 130 0 0
25 130 0 0
1 131 0 0
2 131 0 0
3 131 0 0
4 131 0 0
5 131 0 0
6 131 0 0
7 131 0 0
8 131 0 0
9 131 0 0
10 131 0 0
11 131 0 0
12 131 0 0
13 131 0 0
14 131 0 0
15 131 0 0
16 131 0 0
17 131 0.826172 0.161458
18 131 0.824219 0.144097
19 131 0.830078 0.164931
20 131 0.830729 0.172743
21 131 0.83138 0.171007
22 131 0.834635 0.171007
23 131 0.832682 0.171007
24 131 0.839844 0.172743
25 131 0.839844 0.172743
1 132 0 0
2 132 0 0
3 132 0 0
4 132 0 0
5 132 0 0
6 132 0 0
7 132 0 0
8 132 0 0
9 132 0 0
10 132 0 0
11 132 0 0
12 132 0 0
13 132 0 0
14 132 0 0
15 132 0 0
16 132 0 0
17 132 0.413411 0.0112847
18 132 0.413411 0.00954861
19 132 0.419922 0.0130208
20 132 0.413411 0.015625
21 132 0.416667 0.0199653
22 132 0.41862 0.0147569
23 132 0.415365 0.0243056
24 132 0.417969 0.0225694
25 132 0.410807 0.0277778
1 133 0 0
2 133 0 0
3 133 0 0
4 133 0 0
5 133 0 0
6 133 0 0
7 133 0 0
8 133 0 0
9 133 0 0
10 133 0 0
11 133 0 0
12 133 0 0
13 133 0 0
14 133 0 0
15 133 0 0
16 133 0 0
17 133 0 0
18 133 0 0
19 133 0.102214 0.638889
20 133 0.104167 0.638889
21 133 0.0983073 0.640625
22 133 0.102865 0.628472
23 133 0.102214 0.625
24 133 0.103516 0.62066
25 133 0.107422 0.618056
1 134 0 0
2 134 0 0
3 134 0 0
4 134 0 0
5 134 0 0
6 134 0 0
7 134 0 0
8 134 0 0
9 134 0 0
10 134 0 0
11 134 0 0
12 134 0 0
13 134 0 0
14 134 0 0
15 134 0 0
16 134 0 0
17 134 0 0
18 134 0 0
19 134 0 0
20 134 0.188802 0.583333
21 134 0 0
22 134 0 0
23 134 0 0
24 134 0 0
25 134 0 0
1 135 0 0
2 135 0 0
3 135 0 0
4 135 0 0
5 135 0 0
6 135 0 0
7 135 0 0
8 135 0 0
9 135 0 0
10 135 0 0
11 135 0 0
12 135 0 0
13 135 0 0
14 135 0 0
15 135 0 0
16 135 0 0
17 135 0 0
18 135 0 0
19 135 0 0
20 135 0 0
21 135 0.76237 0.822049
22 135 0 0
23 135 0 0
24 135 0 0
25 135 0 0
1 136 0 0
2 136 0 0
3 136 0 0
4 136 0 0
5 136 0 0
6 136 0 0
7 136 0 0
8 136 0 0
9 136 0 0
10 136 0 0
11 136 0 0
12 136 0 0
13 136 0 0
14 136 0 0
15 136 0 0
16 136 0 0
17 136 0 0
18 136 0 0
19 136 0 0
20 136 0 0
21 136 0.203776 0.81684
22 136 0.203776 0.817708
23 136 0.20638 0.798611
24 136 0.210286 0.799479
25 136 0.214193 0.783854
1 137 0 0
2 137 0 0
3 137 0 0
4 137 0 0
5 137 0 0
6 137 0 0
7 137 0 0
8 137 0 0
9 137 0 0
10 137 0 0
11 137 0 0
12 137 0 0
13 137 0 0
14 137 0 0
15 137 0 0
16 137 0 0
17 137 0 0
18 137 0 0
19 137 0 0
20 137 0 0
21 137 0 0
22 137 0.365234 0.0868056
23 137 0.366536 0.0842014
24 137 0.370443 0.0920139
25 137 0.373698 0.0755208
1 138 0 0
2 138 0 0
3 138 0 0
4 138 0 0
5 138 0 0
6 138 0 0
7 138 0 0
8 138 0 0
9 138 0 0
10 138 0 0
11 138 0 0
12 138 0 0
13 138 0 0
14 138 0 0
15 138 0 0
16 138 0 0
17 138 0 0
18 138 0 0
19 138 0 0
20 138 0 0
21 138 0 0
22 138 0.514323 0.453125
23 138 0 0
24 138 0 0
25 138 0 0
1 139 0 0
2 139 0 0
3 139 0 0
4 139 0 0
5 139 0 0
6 139 0 0
7 139 0 0
8 139 0 0
9 139 0 0
10 139 0 0
11 139 0 0
12 139 0 0
13 139 0 0
14 139 0 0
15 139 0 0
16 139 0 0
17 139 0 0
18 139 0 0
19 139 0 0
20 139 0 0
21 139 0 0
22 139 0.83724 0.690972
23 139 0.841146 0.691406
24 139 0.845052 0.69184
25 139 0 0
1 140 0 0
2 140 0 0
3 140 0 0
4 140 0 0
5 140 0 0
6 140 0 0
7 140 0 0
8 140 0 0
9 140 0 0
10 140 0 0
11 140 0 0
12 140 0 0
13 140 0 0
14 140 0 0
15 140 0 0
16 140 0 0
17 140 0 0
18 140 0 0
19 140 0 0
20 140 0 0
21 140 0 0
22 140 0 0
23 140 0 0
24 140 0.819661 0.706597
25 140 0 0
1 141 0 0
2 141 0 0
3 141 0 0
4 141 0 0
5 141 0 0
6 141 0 0
7 141 0 0
8 141 0 0
9 141 0 0
10 141 0 0
11 141 0 0
12 141 0 0
13 141 0 0
14 141 0 0
15 141 0 0
16 141 0 0
17 141 0 0
18 141 0 0
19 141 0 0
20 141 0 0
21 141 0 0
22 141 0 0
23 141 0 0
24 141 0 0
25 141 0.817057 0.867188
